0.0 0.0 0.0 2.154581682442427e-24 0.0
0.030030030030030026 1.776709704389001e-09 0.0 2.9590244350469603e-09 0.0
0.06006006006006005 7.603519317913692e-09 0.0 6.537543379745319e-09 0.0
0.09009009009009009 1.8297663155119957e-08 0.0 1.0813122692546158e-08 0.0
0.1201201201201201 3.4773511508159606e-08 0.0 1.5865587013717876e-08 0.0
0.15015015015015012 5.804809787533141e-08 0.0 2.1780238778997604e-08 0.0
0.18018018018018017 8.924671352153872e-08 0.0 2.864609794097782e-08 0.0
0.2102102102102102 1.2960703555820247e-07 0.0 3.655514319385322e-08 0.0
0.2402402402402402 1.8048259857019382e-07 0.0 4.5601757787887196e-08 0.0
0.27027027027027023 2.433449697635865e-07 0.0 5.588158752299088e-08 0.0
0.30030030030030025 3.197844926086451e-07 0.0 6.749008360524059e-08 0.0
0.3303303303303303 4.115092618915753e-07 0.0 8.052111530066693e-08 0.0
0.36036036036036034 5.203418513085895e-07 0.0 9.506507849603728e-08 0.0
0.39039039039039036 6.482136555572048e-07 0.0 1.1120643385087425e-07 0.0
0.4204204204204204 7.971563243166863e-07 0.0 1.2902148586521333e-07 0.0
0.4504504504504504 9.692896081105683e-07 0.0 1.4857570015571093e-07 0.0
0.4804804804804804 1.1668054833303503e-06 0.0 1.6991958587020338e-07 0.0
0.5105105105105104 1.3919481291374569e-06 0.0 1.930853748383264e-07 0.0
0.5405405405405405 1.6469886217121597e-06 0.0 2.180835530305856e-07 0.0
0.5705705705705705 1.934194019277954e-06 0.0 2.4489728989821294e-07 0.0
0.6006006006006005 2.2557910169944307e-06 0.0 2.7347674316231e-07 0.0
0.6306306306306305 2.613922537739804e-06 0.0 3.0373492703378837e-07 0.0
0.6606606606606606 3.0105963920254127e-06 0.0 3.355416396523497e-07 0.0
0.6906906906906907 3.447626699263034e-06 0.0 3.687141921040511e-07 0.0
0.7207207207207207 3.92656706225186e-06 0.0 4.030121818205336e-07 0.0
0.7507507507507507 4.448633349948837e-06 0.0 4.381313812417312e-07 0.0
0.7807807807807807 5.014616686316197e-06 0.0 4.7369269331352e-07 0.0
0.8108108108108109 5.624787650048214e-06 0.0 5.092329440808724e-07 0.0
0.8408408408408408 6.2787883389320655e-06 0.0 5.441995913886474e-07 0.0
0.8708708708708707 6.975511990235745e-06 0.0 5.779408608955686e-07 0.0
0.9009009009009008 7.712972778711753e-06 0.0 6.096909173474042e-07 0.0
0.9309309309309309 8.488164002589044e-06 0.0 6.385649818416899e-07 0.0
0.9609609609609608 9.296901884144354e-06 0.0 6.635520370627634e-07 0.0
0.9909909909909909 1.0133657963597395e-05 0.0 6.83499285298793e-07 0.0
1.0210210210210209 1.0991382519447546e-05 0.0 6.971028768713056e-07 0.0
1.0510510510510511 1.1861314100096581e-05 0.0 7.029053557970992e-07 0.0
1.081081081081081 1.2732777123345996e-05 0.0 6.992854137098017e-07 0.0
1.111111111111111 1.3592973250070521e-05 0.0 6.844429822244952e-07 0.0
1.141141141141141 1.4426764294398907e-05 0.0 6.564014627861528e-07 0.0
1.1711711711711712 1.5216445194828363e-05 0.0 6.130054013560048e-07 0.0
1.201201201201201 1.594151408557083e-05 0.0 5.519091024129957e-07 0.0
1.231231231231231 1.65784435474985e-05 0.0 4.7057811084706746e-07 0.0
1.261261261261261 1.710044889259374e-05 0.0 3.662984726817669e-07 0.0
1.2912912912912913 1.7477260228482645e-05 0.0 2.3617750304306372e-07 0.0
1.3213213213213213 1.7674906958620904e-05 0.0 7.714597109421608e-08 0.0
1.351351351351351 1.765551378819347e-05 0.0 -1.1401999485415995e-07 0.0
1.3813813813813813 1.73771123341746e-05 0.0 -3.406827783203508e-07 0.0
1.4114114114114114 1.6793479669628825e-05 0.0 -6.063281808071525e-07 0.0
1.4414414414414414 1.5854008427168656e-05 0.0 -9.145328405542109e-07 0.0
1.4714714714714712 1.4503611452486521e-05 0.0 -1.2689288105308363e-06 0.0
1.5015015015015014 1.2682674391094534e-05 0.0 -1.6731690041186508e-06 0.0
1.5315315315315314 1.0327063849214347e-05 0.0 -2.1308752849520467e-06 0.0
1.5615615615615615 7.368195832565655e-06 0.0 -2.645581536751337e-06 0.0
1.5915915915915912 3.7331803700338003e-06 0.0 -3.2206787805127692e-06 0.0
1.6216216216216217 -6.549466234824771e-07 0.0 -3.8593353915044325e-06 0.0
1.6516516516516515 -5.87690264175609e-06 0.0 -4.564408189439156e-06 0.0
1.6816816816816815 -1.2016727652006186e-05 0.0 -5.338366948933335e-06 0.0
1.7117117117117115 -1.9161225407792304e-05 0.0 -6.183194742217748e-06 0.0
1.7417417417417413 -2.7399281219444402e-05 0.0 -7.100244592333852e-06 0.0
1.7717717717717716 -3.682103840210721e-05 0.0 -8.0901412483014e-06 0.0
1.8018018018018016 -4.751690079083409e-05 0.0 -9.15266949215697e-06 0.0
1.8318318318318316 -5.9576364157390176e-05 0.0 -1.0286586789863034e-05 0.0
1.8618618618618619 -7.3086684499643e-05 0.0 -1.1489466481552743e-05 0.0
1.8918918918918919 -8.813133013325103e-05 0.0 -1.275758459243303e-05 0.0
1.9219219219219217 -0.00010478820828821746 0.0 -1.4085732755307103e-05 0.0
1.9519519519519517 -0.00012312770097489255 0.0 -1.546696035033299e-05 0.0
1.9819819819819817 -0.00014321047068154136 0.0 -1.689246124474494e-05 0.0
2.0120120120120117 -0.00016508499057298916 0.0 -1.835141268367634e-05 0.0
2.0420420420420418 -0.00018878484043041737 0.0 -1.9830669552832985e-05 0.0
2.072072072072072 -0.00021432579385208657 0.0 -2.131457800875643e-05 0.0
2.1021021021021022 -0.0002417026067213682 0.0 -2.2784870040945607e-05 0.0
2.132132132132132 -0.0002708855323520024 0.0 -2.4220415383805242e-05 0.0
2.162162162162162 -0.0003018166494189136 0.0 -2.5596900767094713e-05 0.0
2.192192192192192 -0.00033440593911708577 0.0 -2.6886790089317538e-05 0.0
2.222222222222222 -0.0003685270769481564 0.0 -2.8059184178732616e-05 0.0
2.2522522522522523 -0.0004040130472279507 0.0 -2.90794854578813e-05 0.0
2.282282282282282 -0.0004406516277304069 0.0 -2.9909315094785842e-05 0.0
2.312312312312312 -0.0004781806392698266 0.0 -3.0506532281528474e-05 0.0
2.3423423423423424 -0.0005162830567879914 0.0 -3.082505880695756e-05 0.0
2.3723723723723724 -0.0005545821244127677 0.0 -3.081469464983395e-05 0.0
2.402402402402402 -0.0005926364049637171 0.0 -3.0421317400127278e-05 0.0
2.432432432432432 -0.000629934790154804 0.0 -2.9586933159455463e-05 0.0
2.462462462462462 -0.0006658916554270455 0.0 -2.8249580232463862e-05 0.0
2.4924924924924925 -0.0006998422210652994 0.0 -2.6343598262554475e-05 0.0
2.522522522522522 -0.000731038070750563 0.0 -2.3799964750691837e-05 0.0
2.552552552552552 -0.0007586430194543018 0.0 -2.0546482288215826e-05 0.0
2.5825825825825826 -0.0007817294878064834 0.0 -1.6508120281907693e-05 0.0
2.6126126126126126 -0.0007992753654457606 0.0 -1.1607658996746076e-05 0.0
2.6426426426426426 -0.0008101615183802657 0.0 -5.7662013489797335e-06 0.0
2.672672672672672 -0.0008131701476010933 0.0 1.0962026601918355e-06 0.0
2.702702702702702 -0.000806984047055992 0.0 9.059632302586792e-06 0.0
2.7327327327327327 -0.0007901869004715425 0.0 1.8203436218546797e-05 0.0
2.7627627627627627 -0.0007612648704175691 0.0 2.860525950028213e-05 0.0
2.7927927927927922 -0.000718609529864101 0.0 4.033966915775141e-05 0.0
2.8228228228228227 -0.0006605222807977466 0.0 5.347695409558832e-05 0.0
2.8528528528528527 -0.0005852205899403023 0.0 6.80818778230027e-05 0.0
2.8828828828828827 -0.0004908461112015748 0.0 8.421175511949479e-05 0.0
2.9129129129129128 -0.0003754746811947486 0.0 0.00010191472040968876 0.0
2.9429429429429423 -0.00023712867861919802 0.0 0.0001212282913268669 0.0
2.972972972972973 -7.379191238597978e-05 0.0 0.00014217723605277423 0.0
3.003003003003003 0.00011657322601905701 0.0 0.00016477082937361832 0.0
3.033033033033033 0.000336005895832231 0.0 0.0001890013195871405 0.0
3.063063063063063 0.0005865237703392408 0.0 0.00021484190339326768 0.0
3.093093093093093 0.0008700971797470854 0.0 0.00024224320250607208 0.0
3.123123123123123 0.0011886205616736306 0.0 0.0002711310691193911 0.0
3.153153153153153 0.001543880280733859 0.0 0.0003014049385043769 0.0
3.1831831831831825 0.0019375190369040065 0.0 0.0003329346114385964 0.0
3.2132132132132125 0.002370997672737825 0.0 0.000365556500617763 0.0
3.2432432432432434 0.002845553525886574 0.0 0.00039907259302644115 0.0
3.2732732732732734 0.003362154973725462 0.0 0.0004332481995121111 0.0
3.303303303303303 0.003921453256951468 0.0 0.00046780745109196845 0.0
3.333333333333333 0.004523731847149062 0.0 0.0005024318520775125 0.0
3.363363363363363 0.005168852110124323 0.0 0.0005367594669130049 0.0
3.393393393393393 0.005856196243200228 0.0 0.0005703816986387026 0.0
3.423423423423423 0.006584608927946762 0.0 0.0006028401859879364 0.0
3.4534534534534527 0.007352336543478228 0.0 0.0006336277940426889 0.0
3.4834834834834827 0.00815696412037389 0.0 0.000662187620962614 0.0
3.5135135135135136 0.008995351981228906 0.0 0.0006879097545738261 0.0
3.543543543543543 0.009863572422929668 0.0 0.0007101327233116441 0.0
3.573573573573573 0.01075684543519551 0.0 0.0007281452656471083 0.0
3.603603603603603 0.011669475409341325 0.0 0.0007411856256495918 0.0
3.6336336336336332 0.012594790595656697 0.0 0.0007484423117633731 0.0
3.6636636636636633 0.01352508435076518 0.0 0.0007490589745852256 0.0
3.6936936936936933 0.014451559391221726 0.0 0.0007421370699540822 0.0
3.7237237237237237 0.015364277419178087 0.0 0.0007267379616929058 0.0
3.7537537537537538 0.01625211443716666 0.0 0.0007018897175500115 0.0
3.7837837837837838 0.017102722010541044 0.0 0.0006665933879205598 0.0
3.8138138138138133 0.017902497067783088 0.0 0.0006198285694369092 0.0
3.8438438438438434 0.018636561371598137 0.0 0.0005605620516028999 0.0
3.8738738738738734 0.019288750910461408 0.0 0.0004877576607322855 0.0
3.9039039039039034 0.01984161768652337 0.0 0.0004003851257398899 0.0
3.9339339339339334 0.020276445347405147 0.0 0.00029743245445799563 0.0
3.9639639639639634 0.02057327878277894 0.0 0.0001779191760993521 0.0
3.993993993993994 0.02071097044238495 0.0 4.090795194302726e-05 0.0
4.0240240240240235 0.020667245295550838 0.0 -0.00011448005613815242 0.0
4.0540540540540535 0.0204187833909056 0.0 -0.00028904602692946126 0.0
4.0840840840840835 0.01994132284673011 0.0 -0.00048350011912484393 0.0
4.1141141141141135 0.019209786440459158 0.0 -0.0006984454788971652 0.0
4.144144144144144 0.01819843010039198 0.0 -0.0009343526226268155 0.0
4.174174174174174 0.016881013156215957 0.0 -0.001191542368164327 0.0
4.2042042042042045 0.015230996360731806 0.0 -0.0014701710304196466 0.0
4.2342342342342345 0.013221766586405217 0.0 -0.0017702048323672676 0.0
4.264264264264264 0.010826883346086705 0.0 -0.0020913924937127973 0.0
4.294294294294294 0.008020353657582758 0.0 -0.0024332540098030366 0.0
4.324324324324324 0.004776937359456502 0.0 -0.002795060695465219 0.0
4.354354354354354 0.001072475662981906 0.0 -0.003175799622891988 0.0
4.384384384384384 -0.003115757321625788 0.0 -0.0035741610071705404 0.0
4.414414414414414 -0.007808671551643966 0.0 -0.00398852689909322 0.0
4.444444444444444 -0.013024953304859374 0.0 -0.004416941743345063 0.0
4.474474474474475 -0.018780641989119724 0.0 -0.004857087125190004 0.0
4.504504504504505 -0.025088681577498485 0.0 -0.005306282766924699 0.0
4.534534534534534 -0.03195844838096051 0.0 -0.00576147184299777 0.0
4.564564564564564 -0.039395268767372225 0.0 -0.006219189031595265 0.0
4.594594594594594 -0.04739992685916761 0.0 -0.006675565799853017 0.0
4.624624624624624 -0.05596815425695044 0.0 -0.007126333687124196 0.0
4.654654654654654 -0.06509011556614895 0.0 -0.007566806547580289 0.0
4.684684684684685 -0.07474990158972673 0.0 -0.007991876322532787 0.0
4.714714714714715 -0.08492501978377841 0.0 -0.008396037895600282 0.0
4.744744744744745 -0.09558589007566734 0.0 -0.008773394530459767 0.0
4.774774774774774 -0.10669536326227076 0.0 -0.009117653727606936 0.0
4.804804804804804 -0.11820826153150493 0.0 -0.00942216413464687 0.0
4.834834834834834 -0.13007093914857476 0.0 -0.009679945468126224 0.0
4.864864864864864 -0.1422208815571768 0.0 -0.00988370524502 0.0
4.894894894894894 -0.15458635217175956 0.0 -0.010025877296408452 0.0
4.924924924924924 -0.16708608219828938 0.0 -0.010098677020311583 0.0
4.954954954954955 -0.17962901814982127 0.0 -0.010094142560869282 0.0
4.984984984984985 -0.19211413992886447 0.0 -0.010004186434715187 0.0
5.015015015015015 -0.20443034892349174 0.0 -0.00982066851662208 0.0
5.045045045045044 -0.21645643615707272 0.0 -0.009535458362676654 0.0
5.075075075075074 -0.22806114507846026 0.0 -0.009140507763920851 0.0
5.105105105105104 -0.23910332782014662 0.0 -0.00862794406254154 0.0
5.135135135135134 -0.2494322043626928 0.0 -0.007990148257766432 0.0
5.165165165165165 -0.25888774126998 0.0 -0.00721983863607513 0.0
5.195195195195195 -0.26730114626698914 0.0 -0.006310194502563197 0.0
5.225225225225225 -0.27449547958183956 0.0 -0.0052549492764813795 0.0
5.255255255255255 -0.2802864072090781 0.0 -0.004048475519512438 0.0
5.285285285285285 -0.2844830939118409 0.0 -0.002685917881126932 0.0
5.315315315315314 -0.28688921685030355 0.0 -0.001163327654078393 0.0
5.345345345345344 -0.28730413027889296 0.0 0.0005222647325723815 0.0
5.375375375375374 -0.2855241898718148 0.0 0.0023727376373140437 0.0
5.405405405405404 -0.2813442044315846 0.0 0.00438869770900029 0.0
5.435435435435435 -0.2745590199930119 0.0 0.0065694089561719885 0.0
5.465465465465465 -0.26496527275180015 0.0 0.008912716506723041 0.0
5.495495495495495 -0.2523632785872548 0.0 0.011414882053839859 0.0
5.525525525525525 -0.2365590200787529 0.0 0.014070457976275872 0.0
5.555555555555555 -0.2173662822801886 0.0 0.016872268074928 0.0
5.5855855855855845 -0.19460892478253863 0.0 0.019811309336227694 0.0
5.6156156156156145 -0.1681232258476305 0.0 0.022876576066310987 0.0
5.645645645645645 -0.13776030996087799 0.0 0.0260550720606149 0.0
5.675675675675675 -0.10338869343589316 0.0 0.02933179347238454 0.0
5.7057057057057055 -0.0648968811507112 0.0 0.03268960238285722 0.0
5.7357357357357355 -0.02219596374430843 0.0 0.03610918994971262 0.0
5.7657657657657655 0.02477772530095036 0.0 0.03956916151368982 0.0
5.7957957957957955 0.07605993497690021 0.0 0.04304601785175085 0.0
5.8258258258258255 0.13165588707346257 0.0 0.04651408620746233 0.0
5.855855855855855 0.19153771468033015 0.0 0.04994566934706159 0.0
5.885885885885885 0.25564193600926965 0.0 0.05331113960907745 0.0
5.915915915915916 0.3238670515069742 0.0 0.056578948245847555 0.0
5.945945945945946 0.39607130608643903 0.0 0.05971575828738071 0.0
5.975975975975976 0.4720705754044899 0.0 0.06268665980889386 0.0
6.006006006006006 0.551636443667545 0.0 0.06545529665717804 0.0
6.036036036036036 0.6344945398543355 0.0 0.06798401274776733 0.0
6.066066066066066 0.7203231168854151 0.0 0.07023414571573587 0.0
6.096096096096095 0.8087519013924375 0.0 0.07216625618817855 0.0
6.126126126126126 0.8993612867938343 0.0 0.0737403590874743 0.0
6.156156156156156 0.9916818753769445 0.0 0.07491625736320724 0.0
6.186186186186186 1.085194380730491 0.0 0.0756538557380736 0.0
6.216216216216216 1.1793299586551376 0.0 0.07591346072963347 0.0
6.246246246246246 1.27347097042178 0.0 0.07565619598779448 0.0
6.276276276276276 1.3669521777790352 0.0 0.0748443675981049 0.0
6.306306306306306 1.4590624434120965 0.0 0.07344179282409496 0.0
6.336336336336336 1.5490469427063365 0.0 0.0714142705433031 0.0
6.366366366366365 1.636109834504452 0.0 0.0687300486748313 0.0
6.396396396396395 1.7194174813296812 0.0 0.0653601303203374 0.0
6.426426426426425 1.7981022460683216 0.0 0.06127869722166713 0.0
6.456456456456455 1.8712667655849877 0.0 0.05646372994773337 0.0
6.486486486486487 1.9379887317009892 0.0 0.05089728633039968 0.0
6.516516516516517 1.9973262817012936 0.0 0.04456581896589426 0.0
6.546546546546547 2.0483238922655373 0.0 0.03746078224543443 0.0
6.576576576576576 2.0900186653705073 0.0 0.029579052695260913 0.0
6.606606606606606 2.1214471758115208 0.0 0.02092306474845628 0.0
6.636636636636636 2.141652823131576 0.0 0.011501213235636198 0.0
6.666666666666666 2.14969347906549 0.0 0.0013284686935050266 0.0
6.696696696696696 2.1446495012815645 0.0 -0.00957363029011912 0.0
6.726726726726726 2.125632202922865 0.0 -0.02117683636875612 0.0
6.756756756756756 2.0917925518057974 0.0 -0.033445680791430184 0.0
6.786786786786786 2.0423299585532217 0.0 -0.04633734828041515 0.0
6.816816816816816 1.97650136151121 0.0 -0.05980187062705583 0.0
6.846846846846846 1.8936304489888731 0.0 -0.07378195564828163 0.0
6.876876876876876 1.7931167505864787 0.0 -0.08821268788538422 0.0
6.906906906906905 1.674444699281744 0.0 -0.10302196901968959 0.0
6.936936936936935 1.5371926903109054 0.0 -0.11813071236569164 0.0
6.966966966966965 1.3810418443908838 0.0 -0.13345272332506614 0.0
6.996996996996997 1.205784362578494 0.0 -0.14889507493265094 0.0
7.027027027027027 1.0113316385996716 0.0 -0.16435869738221606 0.0
7.057057057057057 0.7977218989856487 0.0 -0.17973863472763135 0.0
7.087087087087086 0.5651271488785118 0.0 -0.1949243500420159 0.0
7.117117117117116 0.3138595202708736 0.0 -0.20980058423391665 0.0
7.147147147147146 0.044376950367505205 0.0 -0.22424794899232792 0.0
7.177177177177176 -0.2427120525254349 0.0 -0.23814343848075473 0.0
7.207207207207206 -0.5466445765968946 0.0 -0.25136133239198877 0.0
7.237237237237236 -0.8665003787761539 0.0 -0.2637740774343334 0.0
7.2672672672672665 -1.201200072447616 0.0 -0.27525304371946535 0.0
7.2972972972972965 -1.5495044785581915 0.0 -0.28566953414878465 0.0
7.3273273273273265 -1.9100151053883674 0.0 -0.29489582093015404 0.0
7.3573573573573565 -2.2811759206584274 0.0 -0.3028060299802346 0.0
7.3873873873873865 -2.6612764655029997 0.0 -0.3092773094557639 0.0
7.417417417417416 -3.048456202023332 0.0 -0.3141910180785419 0.0
7.4474474474474475 -3.44071026942812 0.0 -0.31743360622987904 0.0
7.4774774774774775 -3.8358967191932827 0.0 -0.3188977292014918 0.0
7.5075075075075075 -4.231745011435749 0.0 -0.3184837441611745 0.0
7.5375375375375375 -4.625865856626891 0.0 -0.31610049243189536 0.0
7.5675675675675675 -5.0157625986176235 0.0 -0.31166618398749885 0.0
7.597597597597598 -5.398843891375432 0.0 -0.305109937360161 0.0
7.627627627627627 -5.772437448656591 0.0 -0.29637276967943854 0.0
7.657657657657657 -6.133805239958332 0.0 -0.2854080734040049 0.0
7.687687687687687 -6.480159963573116 0.0 -0.2721827170753762 0.0
7.717717717717717 -6.808682320027018 0.0 -0.25667849614054633 0.0
7.747747747747747 -7.116539312028976 0.0 -0.2388921927556436 0.0
7.777777777777777 -7.400903705515094 0.0 -0.21883606303633027 0.0
7.807807807807807 -7.65897411263486 0.0 -0.1965391829576817 0.0
7.837837837837837 -7.8879954407833806 0.0 -0.17204768934271303 0.0
7.867867867867867 -8.085280180075214 0.0 -0.14542450027636164 0.0
7.897897897897897 -8.248230107977227 0.0 -0.11674991046346646 0.0
7.927927927927927 -8.374357810293198 0.0 -0.08612231661967946 0.0
7.957957957957958 -8.461308346198901 0.0 -0.05365728022611703 0.0
7.987987987987988 -8.506881045539904 0.0 -0.019487275067218746 0.0
8.018018018018017 -8.509050758760974 0.0 0.016237816806683895 0.0
8.048048048048047 -8.465988380183484 0.0 0.05335156121590525 0.0
8.078078078078077 -8.376081043547327 0.0 0.0916721173384207 0.0
8.108108108108107 -8.237951429793307 0.0 0.13100256284371564 0.0
8.138138138138137 -8.050475695514741 0.0 0.1711314165225469 0.0
8.168168168168167 -7.812800340789962 0.0 0.21183445247875732 0.0
8.198198198198197 -7.524357832483839 0.0 0.2528757966286751 0.0
8.228228228228227 -7.1848804286779115 0.0 0.2940087320684167 0.0
8.258258258258257 -6.794412196074191 0.0 0.3349775561365695 0.0
8.288288288288287 -6.353319363458323 0.0 0.37551933602649734 0.0
8.318318318318317 -5.8622985338300975 0.0 0.41536526891114334 0.0
8.348348348348347 -5.322382615075758 0.0 0.4542425153504661 0.0
8.378378378378377 -4.73494462853775 0.0 0.49187632293389943 0.0
8.408408408408409 -4.101699102040777 0.0 0.5279917179771145 0.0
8.438438438438439 -3.424700898218293 0.0 0.5623155863161166 0.0
8.468468468468469 -2.7063416654884382 0.0 0.5945789215971982 0.0
8.498498498498497 -1.949343690270305 0.0 0.6245185977225091 0.0
8.528528528528527 -1.156751002479074 0.0 0.6518794448837295 0.0
8.558558558558557 -0.33191808027658887 0.0 0.6764168583194399 0.0
8.588588588588587 0.521503972830339 0.0 0.6978983805750173 0.0
8.618618618618617 1.3995840457322932 0.0 0.7161054176183321 0.0
8.648648648648647 2.298130016539782 0.0 0.730835991747964 0.0
8.678678678678677 3.212709815413262 0.0 0.7419064435673456 0.0
8.708708708708707 4.138675109958651 0.0 0.749152491542758 0.0
8.738738738738737 5.0711872786182886 0.0 0.7524313197673376 0.0
8.768768768768767 6.005244899656561 0.0 0.7516239674505865 0.0
8.798798798798797 6.9357132010544795 0.0 0.7466355810893891 0.0
8.828828828828827 7.857355563849593 0.0 0.7373964577882596 0.0
8.858858858858857 8.764866162505843 0.0 0.7238644539976242 0.0
8.888888888888888 9.652903443568503 0.0 0.7060252730042904 0.0
8.91891891891892 10.516125158593532 0.0 0.6838922542253147 0.0
8.94894894894895 11.349224173765448 0.0 0.6575076291167885 0.0
8.97897897897898 12.146964116624844 0.0 0.6269436357207805 0.0
9.00900900900901 12.90421551878832 0.0 0.5923010983856711 0.0
9.039039039039038 13.615992291266375 0.0 0.5537092689115939 0.0
9.069069069069068 14.277487415485373 0.0 0.5113268591309194 0.0
9.099099099099098 14.88410771024631 0.0 0.46534055250216205 0.0
9.129129129129128 15.431508288571411 0.0 0.41596341914428187 0.0
9.159159159159158 15.915625736353359 0.0 0.3634347143832959 0.0
9.189189189189188 16.332709272026165 0.0 0.3080190944313728 0.0
9.219219219219218 16.679350535119188 0.0 0.25000385974777445 0.0
9.249249249249248 16.95251162625601 0.0 0.18969749592569313 0.0
9.279279279279278 17.14955051441202 0.0 0.12742875059945577 0.0
9.309309309309308 17.268243904103855 0.0 0.06354376701654949 0.0
9.339339339339338 17.306807835034412 0.0 -0.0015964164044420474 0.0
9.36936936936937 17.263915236943927 0.0 -0.06761762206769213 0.0
9.3993993993994 17.13871021360448 0.0 -0.1341350633259212 0.0
9.42942942942943 16.930819429228166 0.0 -0.2007564841014684 0.0
9.45945945945946 16.640360167117723 0.0 -0.26708448676219154 0.0
9.48948948948949 16.267944792883824 0.0 -0.3327192235695353 0.0
9.51951951951952 15.814681905401097 0.0 -0.3972615754030838 0.0
9.549549549549548 15.282173995375134 0.0 -0.46031568458642813 0.0
9.579579579579578 14.672511373686982 0.0 -0.5214917300374877 0.0
9.609609609609608 13.988262775940267 0.0 -0.5804092706107311 0.0
9.639639639639638 13.232462553715132 0.0 -0.6366995582143824 0.0
9.669669669669668 12.408594180450818 0.0 -0.6900079082529104 0.0
9.699699699699698 11.520570575838462 0.0 -0.739997218609302 0.0
9.729729729729728 10.572711580208075 0.0 -0.7863501568971502 0.0
9.759759759759758 9.569718015267155 0.0 -0.8287707641009203 0.0
9.789789789789788 8.51664278278516 0.0 -0.8669872565468189 0.0
9.819819819819818 7.418859895593753 0.0 -0.9007548444664494 0.0
9.849849849849848 6.282030870784533 0.0 -0.9298562666728977 0.0
9.87987987987988 5.112068526593818 0.0 -0.9541033085577486 0.0
9.90990990990991 3.9150992983003414 0.0 -0.9733398186694329 0.0
9.93993993993994 2.6974242809871085 0.0 -0.9874419446733245 0.0
9.96996996996997 1.4654782724064381 0.0 -0.9963181730920572 0.0
10.0 0.22578782239569425 0.0 -0.999911104802462 0.0
10.03003003003003 -1.0150706791096087 0.0 -0.9981985949878753 0.0
10.06006006006006 -2.2505137482053 0.0 -0.9911922433817898 0.0
10.090090090090088 -3.4739940174698805 0.0 -0.9789374722508326 0.0
10.120120120120118 -4.679042603417073 0.0 -0.9615148836248534 0.0
10.150150150150148 -5.859310658676422 0.0 -0.9390383812520241 0.0
10.180180180180178 -7.008610724432224 0.0 -0.9116536164033644 0.0
10.210210210210208 -8.120956697591776 0.0 -0.8795380657213274 0.0
10.240240240240238 -9.190601645453762 0.0 -0.8429000452588458 0.0
10.270270270270268 -10.21207433238543 0.0 -0.8019757102382516 0.0
10.300300300300298 -11.180213904160901 0.0 -0.7570276660334249 0.0
10.33033033033033 -12.090201732065415 0.0 -0.7083441809486676 0.0
10.36036036036036 -12.937590671790636 0.0 -0.6562359228236639 0.0
10.39039039039039 -13.718332031215672 0.0 -0.6010334031315914 0.0
10.42042042042042 -14.428799341043755 0.0 -0.5430853532653114 0.0
10.45045045045045 -15.065808704097584 0.0 -0.48275606903085255 0.0
10.48048048048048 -15.626636262740488 0.0 -0.4204220627864235 0.0
10.51051051051051 -16.109032284912224 0.0 -0.35646975144038545 0.0
10.54054054054054 -16.511231547565817 0.0 -0.2912929098938038 0.0
10.57057057057057 -16.83196037425542 0.0 -0.22528932366834106 0.0
10.6006006006006 -17.070440235756003 0.0 -0.15885819320961728 0.0
10.630630630630629 -17.22638762907132 0.0 -0.09239746547521288 0.0
10.660660660660659 -17.300010593451614 0.0 -0.026300645084005387 0.0
10.690690690690689 -17.292001887874907 0.0 0.03904565824208024 0.0
10.720720720720719 -17.203528606829913 0.0 0.1032640863596322 0.0
10.750750750750749 -17.036218670851195 0.0 0.1659897760636642 0.0
10.780780780780779 -16.792144472269822 0.0 0.2268724939995183 0.0
10.810810810810809 -16.473803292864336 0.0 0.28557834475492666 0.0
10.84084084084084 -16.08409491049456 0.0 0.34179245851034845 0.0
10.87087087087087 -15.626297137638693 0.0 0.3952214249085419 0.0
10.9009009009009 -15.104038814677637 0.0 0.44559402353441563 0.0
10.93093093093093 -14.521270409238795 0.0 0.4926627837468499 0.0
10.96096096096096 -13.88223319191976 0.0 0.5362066674438847 0.0
10.99099099099099 -13.19142705340486 0.0 0.5760312557935534 0.0
11.02102102102102 -12.45357647762134 0.0 0.6119690460869575 0.0
11.05105105105105 -11.673595585930938 0.0 0.6438812010548108 0.0
11.08108108108108 -10.856553049798524 0.0 0.6716583542266165 0.0
11.11111111111111 -10.007636095865191 0.0 0.6952195156654372 0.0
11.141141141141139 -9.132114060167648 0.0 0.7145123638209034 0.0
11.171171171171169 -8.235302583911697 0.0 0.7295144506237355 0.0
11.201201201201199 -7.322528268611168 0.0 0.7402315389833687 0.0
11.231231231231229 -6.399093396688525 0.0 0.7466965417397723 0.0
11.261261261261259 -5.470241747267144 0.0 0.7489698206678606 0.0
11.29129129129129 -4.541126052673781 0.0 0.7471382409634182 0.0
11.32132132132132 -3.616776318241296 0.0 0.7413128493612579 0.0
11.35135135135135 -2.7020695694866723 0.0 0.731627948873292 0.0
11.381381381381381 -1.8017018297730785 0.0 0.7182405896943438 0.0
11.411411411411411 -0.9201619856898635 0.0 0.7013278754229779 0.0
11.441441441441441 -0.06170735461296409 0.0 0.6810850919947151 0.0
11.471471471471471 0.7696582885668461 0.0 0.6577246463950251 0.0
11.501501501501501 1.570204089939866 0.0 0.6314739678508016 0.0
11.531531531531531 2.3364894134350305 0.0 0.6025729392145694 0.0
11.561561561561561 3.065378614910163 0.0 0.5712722473125672 0.0
11.591591591591591 3.7540530231931895 0.0 0.537831614369948 0.0
11.621621621621621 4.400020475150509 0.0 0.5025171926997658 0.0
11.651651651651651 5.001122373203339 0.0 0.4655996501059834 0.0
11.68168168168168 5.555538013862661 0.0 0.4273523288855729 0.0
11.71171171171171 6.0617864293718515 0.0 0.3880489661481435 0.0
11.74174174174174 6.518725857760323 0.0 0.3479618062487151 0.0
11.77177177177177 6.925550681514036 0.0 0.30735990997074725 0.0
11.801801801801801 7.281786099365061 0.0 0.2665069875948451 0.0
11.831831831831831 7.587280735589346 0.0 0.22565980727057514 0.0
11.861861861861861 7.842197015417682 0.0 0.1850668947572716 0.0
11.891891891891891 8.046999566009434 0.0 0.14496668521799097 0.0
11.921921921921921 8.202442088580716 0.0 0.10558594880027258 0.0
11.951951951951951 8.30955245026972 0.0 0.06713910648731358 0.0
11.981981981981981 8.369616143126038 0.0 0.02982707946179864 0.0
12.012012012012011 8.38415870964873 0.0 -0.006164421629750973 0.0
12.042042042042041 8.354927125504284 0.0 -0.040665086717241825 0.0
12.072072072072071 8.283869937141159 0.0 -0.0735203752649347 0.0
12.102102102102101 8.1731167367257 0.0 -0.10459273816791209 0.0
12.132132132132131 8.024957408188753 0.0 -0.13376203802020586 0.0
12.162162162162161 7.84182068253577 0.0 -0.1609250423682005 0.0
12.19219219219219 7.6262523566999345 0.0 -0.1859957578927695 0.0
12.22222222222222 7.3808938260044235 0.0 -0.20890617596082436 0.0
12.252252252252251 7.1084607349632964 0.0 -0.2296052713255303 0.0
12.282282282282281 6.811721599487099 0.0 -0.24805851899576897 0.0
12.312312312312311 6.493477034309545 0.0 -0.2642482120566239 0.0
12.342342342342342 6.156539849048928 0.0 -0.2781728173185282 0.0
12.372372372372372 5.803715539092641 0.0 -0.2898457151350865 0.0
12.402402402402402 5.437783567343661 0.0 -0.2992947899110021 0.0
12.432432432432432 5.061479898424369 0.0 -0.30656217705525396 0.0
12.462462462462462 4.677480505017049 0.0 -0.31170267951687647 0.0
12.492492492492492 4.288385789026345 0.0 -0.3147827956298357 0.0
12.522522522522522 3.8967063710972054 0.0 -0.3158802423725051 0.0
12.552552552552552 3.5048502910787334 0.0 -0.31508272662462866 0.0
12.582582582582582 3.1151112909428282 0.0 -0.3124865367221472 0.0
12.612612612612612 2.729658467341348 0.0 -0.3081957081179667 0.0
12.642642642642642 2.350527456060544 0.0 -0.3023211195502626 0.0
12.672672672672672 1.9796129018277904 0.0 -0.2949790125682995 0.0
12.702702702702702 1.6186622305596463 0.0 -0.286289977537217 0.0
12.73273273273273 1.269270886813315 0.0 -0.27637804930680343 0.0
12.76276276276276 0.9328789084019623 0.0 -0.2653694839882687 0.0
12.79279279279279 0.6107687223730034 0.0 -0.25339170889907825 0.0
12.82282282282282 0.3040642628427567 0.0 -0.24057245169783603 0.0
12.85285285285285 0.013731302039798143 0.0 -0.2270386852215322 0.0
12.88288288288288 -0.25942113472707384 0.0 -0.2129157290835793 0.0
12.91291291291291 -0.5147382195027627 0.0 -0.19832653912685583 0.0
12.94294294294294 -0.7517157416299142 0.0 -0.18339079825355648 0.0
12.972972972972974 -0.9699956935862115 0.0 -0.168224136476481 0.0
13.003003003003004 -1.1693609501428313 0.0 -0.15293768419678636 0.0
13.033033033033034 -1.3497291168195131 0.0 -0.13763746159127516 0.0
13.063063063063064 -1.5111458078878397 0.0 -0.12242358859784026 0.0
13.093093093093094 -1.6537773451571114 0.0 -0.10739011067163547 0.0
13.123123123123122 -1.777902832163181 0.0 -0.09262473523498883 0.0
13.153153153153152 -1.8839058609020982 0.0 -0.07820822325063663 0.0
13.183183183183182 -1.9722660186815169 0.0 -0.06421420465032641 0.0
13.213213213213212 -2.0435500158699895 0.0 -0.05070929932528373 0.0
13.243243243243242 -2.098402613805002 0.0 -0.037752888076429424 0.0
13.273273273273272 -2.137537626499911 0.0 -0.02539678290503573 0.0
13.303303303303302 -2.161728885683525 0.0 -0.013685619707473035 0.0
13.333333333333332 -2.17180114899075 0.0 -0.002656988136691434 0.0
13.363363363363362 -2.1686212263716764 0.0 0.00765876811205494 0.0
13.393393393393392 -2.1530894096012676 0.0 0.01723825441829222 0.0
13.423423423423422 -2.12613101144389 0.0 0.026064557941908675 0.0
13.453453453453452 -2.0886882058195075 0.0 0.0341271425793261 0.0
13.483483483483482 -2.041712357487604 0.0 0.04142175398029682 0.0
13.513513513513512 -1.9861566941280182 0.0 0.0479497706975604 0.0
13.543543543543542 -1.922969324815709 0.0 0.05371785300888389 0.0
13.573573573573572 -1.8530867989932862 0.0 0.05873780391968337 0.0
13.603603603603602 -1.7774282054154433 0.0 0.06302604806829556 0.0
13.633633633633632 -1.6968896698141025 0.0 0.0666030873273123 0.0
13.663663663663662 -1.6123393858133874 0.0 0.06949320876812595 0.0
13.693693693693692 -1.5246132483043964 0.0 0.07172414495950481 0.0
13.723723723723722 -1.4345109661165034 0.0 0.07332647030329204 0.0
13.753753753753752 -1.34279266902171 0.0 0.07433321937548916 0.0
13.78378378378378 -1.250176085192952 0.0 0.07477957455024951 0.0
13.81381381381381 -1.157334235250428 0.0 0.07470237725601929 0.0
13.84384384384384 -1.0648935792125944 0.0 0.0741397104558966 0.0
13.87387387387387 -0.9734326671950003 0.0 0.07313058089277508 0.0
13.9039039039039 -0.8834812648858248 0.0 0.07171454210287408 0.0
13.93393393393393 -0.7955198885827784 0.0 0.06993131946516103 0.0
13.963963963963964 -0.7099797620047933 0.0 0.06782053276296057 0.0
13.993993993993994 -0.6272431709045542 0.0 0.06542137825488056 0.0
14.024024024024024 -0.5476441496218285 0.0 0.06277232996399741 0.0
14.054054054054054 -0.47146950333665594 0.0 0.05991093676736034 0.0
14.084084084084084 -0.39896014519581513 0.0 0.05687359154528602 0.0
14.114114114114114 -0.3303126697449566 0.0 0.05369526293062476 0.0
14.144144144144144 -0.26568115790300906 0.0 0.05040938768372083 0.0
14.174174174174173 -0.20517921569976613 0.0 0.04704774749703279 0.0
14.204204204204203 -0.14888216941248483 0.0 0.04364025343705603 0.0
14.234234234234233 -0.09682936952274819 0.0 0.040214869982498014 0.0
14.264264264264263 -0.04902664593871801 0.0 0.03679760860083494 0.0
14.294294294294293 -0.005448855283658543 0.0 0.03341242484015113 0.0
14.324324324324323 0.033957560525243916 0.0 0.030081110045670753 0.0
14.354354354354353 0.06927196843879381 0.0 0.026823382683368528 0.0
14.384384384384383 0.10059689819621179 0.0 0.0236568979465016 0.0
14.414414414414413 0.12805543925310675 0.0 0.020597165247049867 0.0
14.444444444444443 0.15178869896164043 0.0 0.017657635310946815 0.0
14.474474474474473 0.1719532707928001 0.0 0.014849812530286737 0.0
14.504504504504503 0.18871877559580652 0.0 0.012183261554562858 0.0
14.534534534534533 0.20226553007201722 0.0 0.009665631799459827 0.0
14.564564564564563 0.2127822927203868 0.0 0.0073028373500253424 0.0
14.594594594594593 0.22046409807605585 0.0 0.005099141429300142 0.0
14.624624624624623 0.22551023794883177 0.0 0.00305717892533514 0.0
14.654654654654653 0.2281223836686252 0.0 0.0011781115748707622 0.0
14.684684684684683 0.22850280943684678 0.0 -0.0005382272466380875 0.0
14.714714714714713 0.2268527610520149 0.0 -0.002093264626430017 0.0
14.744744744744743 0.2233709906175224 0.0 -0.003489595259047402 0.0
14.774774774774773 0.21825241533175072 0.0 -0.004730809004194698 0.0
14.804804804804803 0.21168690926333855 0.0 -0.005821390921750521 0.0
14.834834834834831 0.203858253253766 0.0 -0.006766646695100089 0.0
14.864864864864861 0.19494322531110742 0.0 -0.007572560306926579 0.0
14.894894894894895 0.18511081029030815 0.0 -0.00824567768243664 0.0
14.924924924924925 0.17452154756860805 0.0 -0.00879302625863579 0.0
14.954954954954955 0.16332701198370847 0.0 -0.009222015920531346 0.0
14.984984984984985 0.15166940436401158 0.0 -0.009540327017730367 0.0
15.015015015015015 0.13968125553488442 0.0 -0.00975583410511606 0.0
15.045045045045045 0.12748524209809478 0.0 -0.009876527608287262 0.0
15.075075075075075 0.11519409652834309 0.0 -0.009910426867064089 0.0
15.105105105105105 0.10291060682994727 0.0 -0.009865516876447577 0.0
15.135135135135135 0.09072770389926196 0.0 -0.009749687137106253 0.0
15.165165165165165 0.07872862017463304 0.0 -0.009570663731513185 0.0
15.195195195195195 0.06698711397696311 0.0 -0.009335966957966011 0.0
15.225225225225223 0.05556775848152637 0.0 -0.009052872605716765 0.0
15.255255255255253 0.04452627991297045 0.0 -0.008728357920289333 0.0
15.285285285285283 0.0339099342668289 0.0 -0.008369074525539335 0.0
15.315315315315313 0.02375792759494393 0.0 -0.00798133386511643 0.0
15.345345345345343 0.01410186742756003 0.0 -0.007571076288262214 0.0
15.375375375375373 0.004966228700484643 0.0 -0.007143843559963933 0.0
15.405405405405403 -0.003631159602676233 0.0 -0.006704787359582247 0.0
15.435435435435434 -0.011678611007833331 0.0 -0.006258662902434814 0.0
15.465465465465464 -0.019170078577898243 0.0 -0.005809805837197808 0.0
15.495495495495494 -0.026104655365490198 0.0 -0.005362146447261212 0.0
15.525525525525524 -0.03248607008758181 0.0 -0.004919225017173245 0.0
15.555555555555554 -0.03832219188483131 0.0 -0.004484186740269925 0.0
15.585585585585584 -0.04362455502521653 0.0 -0.004059785018253905 0.0
15.615615615615614 -0.04840789302327386 0.0 -0.0036484134822868555 0.0
15.645645645645644 -0.0526896864928103 0.0 -0.0032521182744740017 0.0
15.675675675675674 -0.05648973706468738 0.0 -0.002872598517598573 0.0
15.705705705705704 -0.05982976506704717 0.0 -0.0025112373142794258 0.0
15.735735735735734 -0.06273302389858607 0.0 -0.002169127188840978 0.0
15.765765765765764 -0.06522394105561423 0.0 -0.0018470797196801767 0.0
15.795795795795794 -0.06732779001518485 0.0 -0.0015456434313142287 0.0
15.825825825825824 -0.06907038361125634 0.0 -0.0012651371472928172 0.0
15.855855855855854 -0.07047779197441978 0.0 -0.0010056675694292579 0.0
15.885885885885886 -0.0715760907455449 0.0 -0.0007671412715706804 0.0
15.915915915915916 -0.07239113535509377 0.0 -0.0005492938207030733 0.0
15.945945945945946 -0.07294835708784962 0.0 -0.0003517118607471708 0.0
15.975975975975976 -0.07327258561251393 0.0 -0.00017384680961135546 0.0
16.006006006006004 -0.07338789753864003 0.0 -1.503378435218454e-05 0.0
16.036036036036034 -0.07331748526021324 0.0 0.0001254853499529081 0.0
16.066066066066064 -0.07308354740402295 0.0 0.00024854759160709985 0.0
16.096096096096094 -0.07270720149736742 0.0 0.0003550553468271776 0.0
16.126126126126124 -0.07220841521496835 0.0 0.00044595802010836505 0.0
16.156156156156154 -0.07160595453498611 0.0 0.0005222387544123908 0.0
16.186186186186184 -0.07091734936265659 0.0 0.0005849033277604646 0.0
16.216216216216214 -0.07015887421715124 0.0 0.0006349673296518771 0.0
16.246246246246244 -0.06934554187250755 0.0 0.0006734455958840599 0.0
16.276276276276274 -0.06849110987220466 0.0 0.0007013440612860312 0.0
16.306306306306304 -0.06760809797757576 0.0 0.0007196502391606379 0.0
16.336336336336334 -0.06670781451947917 0.0 0.0007293261420611213 0.0
16.366366366366364 -0.06580039163460119 0.0 0.0007313034639965484 0.0
16.396396396396394 -0.06489482783135343 0.0 0.0007264773813335119 0.0
16.426426426426424 -0.06399903547976277 0.0 0.0007157010940253989 0.0
16.456456456456454 -0.06311989351832509 0.0 0.0006997845083434339 0.0
16.486486486486484 -0.06226330459352403 0.0 0.0006794916479325832 0.0
16.516516516516514 -0.06143425422742515 0.0 0.0006555362195730438 0.0
16.546546546546544 -0.060636871501513125 0.0 0.0006285821979567531 0.0
16.576576576576574 -0.0598744919212966 0.0 0.0005992443972952104 0.0
16.606606606606604 -0.05914972047986079 0.0 0.0005680865668617793 0.0
16.636636636636634 -0.05846449339749676 0.0 0.0005356212337921877 0.0
16.666666666666664 -0.05782013983212906 0.0 0.0005023129616006031 0.0
16.696696696696694 -0.05721744268567773 0.0 0.0004685791015579069 0.0
16.726726726726724 -0.05665669674323779 0.0 0.00043478916129251275 0.0
16.756756756756754 -0.056137764538321984 0.0 0.00040126865750120814 0.0
16.786786786786784 -0.05566013066024904 0.0 0.0003683018538084147 0.0
16.816816816816818 -0.055222953014634174 0.0 0.0003361323866352385 0.0
16.846846846846848 -0.05482511045122596 0.0 0.0003049655404870284 0.0
16.876876876876878 -0.05446524807023052 0.0 0.0002749724047320207 0.0
16.906906906906908 -0.054141819582030334 0.0 0.00024629182195828604 0.0
16.936936936936938 -0.05385312584976519 0.0 0.00021903162361751213 0.0
16.966966966966968 -0.0535973502858437 0.0 0.00019327260912220371 0.0
16.996996996996995 -0.053372591601043615 0.0 0.00016907128831003228 0.0
17.027027027027025 -0.053176893141581645 0.0 0.00014646137636314537 0.0
17.057057057057055 -0.05300826883335574 0.0 0.00012545633174511212 0.0
17.087087087087085 -0.052864726616430456 0.0 0.00010605249314182194 0.0
17.117117117117115 -0.05274428907108882 0.0 8.823087617905665e-05 0.0
17.147147147147145 -0.05264501103938467 0.0 7.19587611212271e-05 0.0
17.177177177177175 -0.05256499479948912 0.0 5.7192368430615725e-05 0.0
17.207207207207205 -0.052502403045455656 0.0 4.387867945286746e-05 0.0
17.237237237237235 -0.05245546947300424 0.0 3.195678121524885e-05 0.0
17.267267267267265 -0.05242250722652607 0.0 2.1359622331801675e-05 0.0
17.297297297297295 -0.05240191561759915 0.0 1.2015669560168586e-05 0.0
17.327327327327325 -0.052392185063390447 0.0 3.850033176314708e-06 0.0
17.357357357357355 -0.05239190038659711 0.0 -3.2143631082164653e-06 0.0
17.387387387387385 -0.05239974278710826 0.0 -9.255563142633122e-06 0.0
17.417417417417415 -0.052414490566254364 0.0 -1.4351745195602584e-05 0.0
17.447447447447445 -0.05243501870028255 0.0 -1.858040117619984e-05 0.0
17.477477477477475 -0.05246029751408869 0.0 -2.201752378438525e-05 0.0
17.507507507507505 -0.05248939053733195 0.0 -2.4737103785558873e-05 0.0
17.537537537537535 -0.05252145161536755 0.0 -2.68106562188466e-05 0.0
17.567567567567565 -0.05255572149516231 0.0 -2.8306634252668882e-05 0.0
17.597597597597595 -0.05259152398210573 0.0 -2.9290215046246007e-05 0.0
17.627627627627625 -0.05262826166279861 0.0 -2.982313641242801e-05 0.0
17.657657657657655 -0.052665411370889356 0.0 -2.9963366805327256e-05 0.0
17.687687687687685 -0.052702519549529855 0.0 -2.97649590985228e-05 0.0
17.717717717717715 -0.05273919743700786 0.0 -2.927816599025301e-05 0.0
17.747747747747745 -0.052775116174684944 0.0 -2.8549381231717084e-05 0.0
17.777777777777775 -0.05281000200606812 0.0 -2.7620990596200194e-05 0.0
17.80780780780781 -0.052843631541183066 0.0 -2.653162311935646e-05 0.0
17.83783783783784 -0.05287582705485694 0.0 -2.531629768480751e-05 0.0
17.86786786786787 -0.052906451962779676 0.0 -2.400639577554218e-05 0.0
17.8978978978979 -0.05293540653342494 0.0 -2.262982721341704e-05 0.0
17.92792792792793 -0.0529626237289481 0.0 -2.1211337033439325e-05 0.0
17.95795795795796 -0.052988065250575485 0.0 -1.9772622959385008e-05 0.0
17.98798798798799 -0.053011717876230914 0.0 -1.833240542641633e-05 0.0
18.01801801801802 -0.05303359002543945 0.0 -1.6906766538203545e-05 0.0
18.048048048048045 -0.05305370852242574 0.0 -1.550935964852445e-05 0.0
18.078078078078075 -0.05307211563715181 0.0 -1.4151503927628732e-05 0.0
18.108108108108105 -0.053088866405018545 0.0 -1.2842408859214104e-05 0.0
18.138138138138135 -0.05310402614311329 0.0 -1.1589443348526406e-05 0.0
18.168168168168165 -0.053117668202995925 0.0 -1.0398276334785201e-05 0.0
18.198198198198195 -0.053129871986424895 0.0 -9.273001840249784e-06 0.0
18.228228228228225 -0.053140721167186364 0.0 -8.216390492978624e-06 0.0
18.258258258258255 -0.05315030210054795 0.0 -7.230048047770755e-06 0.0
18.288288288288285 -0.0531587024483153 0.0 -6.314520079912573e-06 0.0
18.318318318318315 -0.053166009999454644 0.0 -5.4694572017104065e-06 0.0
18.348348348348345 -0.053172311641579116 0.0 -4.69377584822518e-06 0.0
18.378378378378375 -0.05317769249591394 0.0 -3.985757391727184e-06 0.0
18.408408408408405 -0.05318223521119858 0.0 -3.343146975272684e-06 0.0
18.438438438438435 -0.053186019383072845 0.0 -2.76328456754936e-06 0.0
18.468468468468465 -0.05318912108986902 0.0 -2.243189599578635e-06 0.0
18.498498498498495 -0.053191612544754976 0.0 -1.7796315111294041e-06 0.0
18.528528528528525 -0.0531935618447775 0.0 -1.3692138948263907e-06 0.0
18.558558558558556 -0.05319503280065767 0.0 -1.0084409129515728e-06 0.0
18.588588588588586 -0.05319608484558262 0.0 -6.93766781263176e-07 0.0
18.618618618618616 -0.053196773009917896 0.0 -4.2164892909777444e-07 0.0
18.648648648648646 -0.05319714794886201 0.0 -1.8859059631750595e-07 0.0
18.678678678678676 -0.05319725601971832 0.0 8.829705740771085e-09 0.0
18.708708708708706 -0.053197139399461475 0.0 1.7392489105587336e-07 0.0
18.73873873873874 -0.05319683623098323 0.0 3.0987396910289937e-07 0.0
18.76876876876877 -0.05319638079706819 0.0 4.197108596706391e-07 0.0
18.7987987987988 -0.05319580371597542 0.0 5.06309308522084e-07 0.0
18.82882882882883 -0.053195132147848205 0.0 5.723649941683331e-07 0.0
18.85885885885886 -0.053194390010820304 0.0 6.203978522557544e-07 0.0
18.88888888888889 -0.053193598206207546 0.0 6.527513114802084e-07 0.0
18.91891891891892 -0.05319277484400974 0.0 6.71583505665102e-07 0.0
18.94894894894895 -0.053191935464295764 0.0 6.788710339700893e-07 0.0
18.97897897897898 -0.05319109325872655 0.0 6.764196276188166e-07 0.0
19.00900900900901 -0.05319025928686 0.0 6.658657069245816e-07 0.0
19.03903903903904 -0.05318944268138869 0.0 6.486768111611733e-07 0.0
19.06906906906907 -0.05318865084558876 0.0 6.261675907711851e-07 0.0
19.099099099099096 -0.053187889643313724 0.0 5.995084354804345e-07 0.0
19.129129129129126 -0.05318716357628475 0.0 5.697278025104504e-07 0.0
19.159159159159156 -0.05318647594833805 0.0 5.377240671464264e-07 0.0
19.189189189189186 -0.053185829020944625 0.0 5.04279094257978e-07 0.0
19.219219219219216 -0.05318522415687504 0.0 4.7006446021463084e-07 0.0
19.249249249249246 -0.053184661949970125 0.0 4.356475782808724e-07 0.0
19.279279279279276 -0.05318414234452725 0.0 4.015060633797073e-07 0.0
19.309309309309306 -0.05318366474478598 0.0 3.6803607077726326e-07 0.0
19.339339339339336 -0.05318322811235972 0.0 3.3555721227034117e-07 0.0
19.369369369369366 -0.0531828310527053 0.0 3.0432253098562e-07 0.0
19.399399399399396 -0.05318247189337231 0.0 2.7452791086974746e-07 0.0
19.429429429429426 -0.05318214875277472 0.0 2.463174115281839e-07 0.0
19.459459459459456 -0.05318185959938715 0.0 2.1978882336912524e-07 0.0
19.489489489489486 -0.05318160230364304 0.0 1.9500217469757841e-07 0.0
19.519519519519516 -0.053181374682907886 0.0 1.719848722289725e-07 0.0
19.549549549549546 -0.053181174539122404 0.0 1.5073553838689352e-07 0.0
19.579579579579576 -0.0531809996902153 0.0 1.3122964455408827e-07 0.0
19.609609609609606 -0.0531808479965477 0.0 1.1342416310557766e-07 0.0
19.639639639639636 -0.053180717382175786 0.0 9.726063502950738e-08 0.0
19.669669669669666 -0.0531806058514318 0.0 8.266841245269213e-08 0.0
19.699699699699696 -0.05318051150186976 0.0 6.956823133889689e-08 0.0
19.72972972972973 -0.05318043253380194 0.0 5.787448368000278e-08 0.0
19.75975975975976 -0.05318036725667896 0.0 4.74972698215694e-08 0.0
19.78978978978979 -0.053180314092973816 0.0 3.834459369157386e-08 0.0
19.81981981981982 -0.053180271579941166 0.0 3.032389189817055e-08 0.0
19.84984984984985 -0.05318023836942587 0.0 2.3343283613857886e-08 0.0
19.87987987987988 -0.05318021322618462 0.0 1.7312874425713502e-08 0.0
19.90990990990991 -0.05318019502500582 0.0 1.2145558597897424e-08 0.0
19.93993993993994 -0.05318018274674407 0.0 7.757615831133509e-09 0.0
19.96996996996997 -0.05318017547360041 0.0 4.069461040326335e-09 0.0
20.0 -0.05318017238391544 0.0 1.0060037225195155e-09 0.0
20.03003003003003 -0.05318017274646202 0.0 -1.5032735612677803e-09 0.0
20.06006006006006 -0.05318017591445395 0.0 -3.524053130424949e-09 0.0
20.09009009009009 -0.0531801813195337 0.0 -5.116941963642418e-09 0.0
20.12012012012012 -0.053180188465696866 0.0 -6.337744584277081e-09 0.0
20.15015015015015 -0.053180196923203034 0.0 -7.237554884763894e-09 0.0
20.180180180180177 -0.053180206322690216 0.0 -7.86265998713719e-09 0.0
20.210210210210207 -0.05318021634953988 0.0 -8.254833419667294e-09 0.0
20.240240240240237 -0.05318022673838336 0.0 -8.451675938823968e-09 0.0
20.270270270270267 -0.05318023726789242 0.0 -8.486723034113606e-09 0.0
20.300300300300297 -0.05318024775595418 0.0 -8.38959398068993e-09 0.0
20.330330330330327 -0.05318025805511421 0.0 -8.186446056862832e-09 0.0
20.360360360360357 -0.05318026804830203 0.0 -7.90021329856529e-09 0.0
20.390390390390387 -0.05318027764493809 0.0 -7.550723992301024e-09 0.0
20.420420420420417 -0.05318028677738846 0.0 -7.155055265090285e-09 0.0
20.450450450450447 -0.05318029539767662 0.0 -6.727848865784839e-09 0.0
20.480480480480477 -0.05318030347451873 0.0 -6.281473614551187e-09 0.0
20.510510510510507 -0.05318031099069815 0.0 -5.826219409422278e-09 0.0
20.540540540540537 -0.05318031794068894 0.0 -5.370619079213525e-09 0.0
20.570570570570567 -0.05318032432852794 0.0 -4.921630696410242e-09 0.0
20.600600600600597 -0.053180330165963276 0.0 -4.484763837571176e-09 0.0
20.630630630630627 -0.053180335470837725 0.0 -4.0643094159368275e-09 0.0
20.66066066066066 -0.05318034026565699 0.0 -3.663523505702427e-09 0.0
20.69069069069069 -0.05318034457636251 0.0 -3.2847392191783803e-09 0.0
20.72072072072072 -0.0531803484312969 0.0 -2.9294941435260954e-09 0.0
20.75075075075075 -0.05318035186031405 0.0 -2.598690296675106e-09 0.0
20.78078078078078 -0.053180354894029606 0.0 -2.292689479065936e-09 0.0
20.81081081081081 -0.05318035756321056 0.0 -2.0113907007478662e-09 0.0
20.84084084084084 -0.0531803598982773 0.0 -1.754336192909325e-09 0.0
20.87087087087087 -0.053180361928898176 0.0 -1.5207885136454303e-09 0.0
20.9009009009009 -0.05318036368367559 0.0 -1.3097850433506493e-09 0.0
20.93093093093093 -0.05318036518991315 0.0 -1.1201991553474694e-09 0.0
20.96096096096096 -0.053180366473440634 0.0 -9.507871148171803e-10 0.0
20.99099099099099 -0.053180367558489816 0.0 -8.002358476268862e-10 0.0
21.02102102102102 0.0 0.0 0.0 0.0
21.05105105105105 0.0 0.0 0.0 0.0
21.08108108108108 0.0 0.0 0.0 0.0
21.11111111111111 0.0 0.0 0.0 0.0
21.14114114114114 0.0 0.0 0.0 0.0
21.17117117117117 0.0 0.0 0.0 0.0
21.2012012012012 0.0 0.0 0.0 0.0
21.231231231231227 0.0 0.0 0.0 0.0
21.261261261261257 0.0 0.0 0.0 0.0
21.291291291291287 0.0 0.0 0.0 0.0
21.321321321321317 0.0 0.0 0.0 0.0
21.351351351351347 0.0 0.0 0.0 0.0
21.381381381381377 0.0 0.0 0.0 0.0
21.411411411411407 0.0 0.0 0.0 0.0
21.441441441441437 0.0 0.0 0.0 0.0
21.471471471471467 0.0 0.0 0.0 0.0
21.501501501501497 0.0 0.0 0.0 0.0
21.531531531531527 0.0 0.0 0.0 0.0
21.561561561561557 0.0 0.0 0.0 0.0
21.591591591591587 0.0 0.0 0.0 0.0
21.621621621621617 0.0 0.0 0.0 0.0
21.65165165165165 0.0 0.0 0.0 0.0
21.68168168168168 0.0 0.0 0.0 0.0
21.71171171171171 0.0 0.0 0.0 0.0
21.74174174174174 0.0 0.0 0.0 0.0
21.77177177177177 0.0 0.0 0.0 0.0
21.8018018018018 0.0 0.0 0.0 0.0
21.83183183183183 0.0 0.0 0.0 0.0
21.86186186186186 0.0 0.0 0.0 0.0
21.89189189189189 0.0 0.0 0.0 0.0
21.92192192192192 0.0 0.0 0.0 0.0
21.95195195195195 0.0 0.0 0.0 0.0
21.98198198198198 0.0 0.0 0.0 0.0
22.01201201201201 0.0 0.0 0.0 0.0
22.04204204204204 0.0 0.0 0.0 0.0
22.07207207207207 0.0 0.0 0.0 0.0
22.1021021021021 0.0 0.0 0.0 0.0
22.13213213213213 0.0 0.0 0.0 0.0
22.16216216216216 0.0 0.0 0.0 0.0
22.19219219219219 0.0 0.0 0.0 0.0
22.22222222222222 0.0 0.0 0.0 0.0
22.25225225225225 0.0 0.0 0.0 0.0
22.282282282282278 0.0 0.0 0.0 0.0
22.312312312312308 0.0 0.0 0.0 0.0
22.342342342342338 0.0 0.0 0.0 0.0
22.372372372372368 0.0 0.0 0.0 0.0
22.402402402402398 0.0 0.0 0.0 0.0
22.432432432432428 0.0 0.0 0.0 0.0
22.462462462462458 0.0 0.0 0.0 0.0
22.492492492492488 0.0 0.0 0.0 0.0
22.522522522522518 0.0 0.0 0.0 0.0
22.552552552552548 0.0 0.0 0.0 0.0
22.58258258258258 0.0 0.0 0.0 0.0
22.61261261261261 0.0 0.0 0.0 0.0
22.64264264264264 0.0 0.0 0.0 0.0
22.67267267267267 0.0 0.0 0.0 0.0
22.7027027027027 0.0 0.0 0.0 0.0
22.73273273273273 0.0 0.0 0.0 0.0
22.762762762762762 0.0 0.0 0.0 0.0
22.792792792792792 0.0 0.0 0.0 0.0
22.822822822822822 0.0 0.0 0.0 0.0
22.852852852852852 0.0 0.0 0.0 0.0
22.882882882882882 0.0 0.0 0.0 0.0
22.912912912912912 0.0 0.0 0.0 0.0
22.942942942942942 0.0 0.0 0.0 0.0
22.972972972972972 0.0 0.0 0.0 0.0
23.003003003003002 0.0 0.0 0.0 0.0
23.033033033033032 0.0 0.0 0.0 0.0
23.063063063063062 0.0 0.0 0.0 0.0
23.093093093093092 0.0 0.0 0.0 0.0
23.123123123123122 0.0 0.0 0.0 0.0
23.153153153153152 0.0 0.0 0.0 0.0
23.183183183183182 0.0 0.0 0.0 0.0
23.213213213213212 0.0 0.0 0.0 0.0
23.243243243243242 0.0 0.0 0.0 0.0
23.273273273273272 0.0 0.0 0.0 0.0
23.303303303303302 0.0 0.0 0.0 0.0
23.33333333333333 0.0 0.0 0.0 0.0
23.36336336336336 0.0 0.0 0.0 0.0
23.39339339339339 0.0 0.0 0.0 0.0
23.42342342342342 0.0 0.0 0.0 0.0
23.45345345345345 0.0 0.0 0.0 0.0
23.48348348348348 0.0 0.0 0.0 0.0
23.51351351351351 0.0 0.0 0.0 0.0
23.54354354354354 0.0 0.0 0.0 0.0
23.573573573573572 0.0 0.0 0.0 0.0
23.603603603603602 0.0 0.0 0.0 0.0
23.633633633633632 0.0 0.0 0.0 0.0
23.663663663663662 0.0 0.0 0.0 0.0
23.693693693693692 0.0 0.0 0.0 0.0
23.723723723723722 0.0 0.0 0.0 0.0
23.753753753753752 0.0 0.0 0.0 0.0
23.783783783783782 0.0 0.0 0.0 0.0
23.813813813813812 0.0 0.0 0.0 0.0
23.843843843843842 0.0 0.0 0.0 0.0
23.873873873873872 0.0 0.0 0.0 0.0
23.903903903903903 0.0 0.0 0.0 0.0
23.933933933933933 0.0 0.0 0.0 0.0
23.963963963963963 0.0 0.0 0.0 0.0
23.993993993993993 0.0 0.0 0.0 0.0
24.024024024024023 0.0 0.0 0.0 0.0
24.054054054054053 0.0 0.0 0.0 0.0
24.084084084084083 0.0 0.0 0.0 0.0
24.114114114114113 0.0 0.0 0.0 0.0
24.144144144144143 0.0 0.0 0.0 0.0
24.174174174174173 0.0 0.0 0.0 0.0
24.204204204204203 0.0 0.0 0.0 0.0
24.234234234234233 0.0 0.0 0.0 0.0
24.264264264264263 0.0 0.0 0.0 0.0
24.294294294294293 0.0 0.0 0.0 0.0
24.324324324324323 0.0 0.0 0.0 0.0
24.354354354354353 0.0 0.0 0.0 0.0
24.38438438438438 0.0 0.0 0.0 0.0
24.41441441441441 0.0 0.0 0.0 0.0
24.44444444444444 0.0 0.0 0.0 0.0
24.47447447447447 0.0 0.0 0.0 0.0
24.504504504504503 0.0 0.0 0.0 0.0
24.534534534534533 0.0 0.0 0.0 0.0
24.564564564564563 0.0 0.0 0.0 0.0
24.594594594594593 0.0 0.0 0.0 0.0
24.624624624624623 0.0 0.0 0.0 0.0
24.654654654654653 0.0 0.0 0.0 0.0
24.684684684684683 0.0 0.0 0.0 0.0
24.714714714714713 0.0 0.0 0.0 0.0
24.744744744744743 0.0 0.0 0.0 0.0
24.774774774774773 0.0 0.0 0.0 0.0
24.804804804804803 0.0 0.0 0.0 0.0
24.834834834834833 0.0 0.0 0.0 0.0
24.864864864864863 0.0 0.0 0.0 0.0
24.894894894894893 0.0 0.0 0.0 0.0
24.924924924924923 0.0 0.0 0.0 0.0
24.954954954954953 0.0 0.0 0.0 0.0
24.984984984984983 0.0 0.0 0.0 0.0
25.015015015015013 0.0 0.0 0.0 0.0
25.045045045045043 0.0 0.0 0.0 0.0
25.075075075075073 0.0 0.0 0.0 0.0
25.105105105105103 0.0 0.0 0.0 0.0
25.135135135135133 0.0 0.0 0.0 0.0
25.165165165165163 0.0 0.0 0.0 0.0
25.195195195195193 0.0 0.0 0.0 0.0
25.225225225225223 0.0 0.0 0.0 0.0
25.255255255255253 0.0 0.0 0.0 0.0
25.285285285285283 0.0 0.0 0.0 0.0
25.315315315315313 0.0 0.0 0.0 0.0
25.345345345345343 0.0 0.0 0.0 0.0
25.375375375375373 0.0 0.0 0.0 0.0
25.405405405405403 0.0 0.0 0.0 0.0
25.435435435435434 0.0 0.0 0.0 0.0
25.46546546546546 0.0 0.0 0.0 0.0
25.49549549549549 0.0 0.0 0.0 0.0
25.52552552552552 0.0 0.0 0.0 0.0
25.55555555555555 0.0 0.0 0.0 0.0
25.58558558558558 0.0 0.0 0.0 0.0
25.61561561561561 0.0 0.0 0.0 0.0
25.64564564564564 0.0 0.0 0.0 0.0
25.67567567567567 0.0 0.0 0.0 0.0
25.7057057057057 0.0 0.0 0.0 0.0
25.73573573573573 0.0 0.0 0.0 0.0
25.76576576576576 0.0 0.0 0.0 0.0
25.79579579579579 0.0 0.0 0.0 0.0
25.82582582582582 0.0 0.0 0.0 0.0
25.85585585585585 0.0 0.0 0.0 0.0
25.88588588588588 0.0 0.0 0.0 0.0
25.91591591591591 0.0 0.0 0.0 0.0
25.945945945945947 0.0 0.0 0.0 0.0
25.975975975975977 0.0 0.0 0.0 0.0
26.006006006006007 0.0 0.0 0.0 0.0
26.036036036036037 0.0 0.0 0.0 0.0
26.066066066066067 0.0 0.0 0.0 0.0
26.096096096096097 0.0 0.0 0.0 0.0
26.126126126126128 0.0 0.0 0.0 0.0
26.156156156156158 0.0 0.0 0.0 0.0
26.186186186186188 0.0 0.0 0.0 0.0
26.216216216216214 0.0 0.0 0.0 0.0
26.246246246246244 0.0 0.0 0.0 0.0
26.276276276276274 0.0 0.0 0.0 0.0
26.306306306306304 0.0 0.0 0.0 0.0
26.336336336336334 0.0 0.0 0.0 0.0
26.366366366366364 0.0 0.0 0.0 0.0
26.396396396396394 0.0 0.0 0.0 0.0
26.426426426426424 0.0 0.0 0.0 0.0
26.456456456456454 0.0 0.0 0.0 0.0
26.486486486486484 0.0 0.0 0.0 0.0
26.516516516516514 0.0 0.0 0.0 0.0
26.546546546546544 0.0 0.0 0.0 0.0
26.576576576576574 0.0 0.0 0.0 0.0
26.606606606606604 0.0 0.0 0.0 0.0
26.636636636636634 0.0 0.0 0.0 0.0
26.666666666666664 0.0 0.0 0.0 0.0
26.696696696696694 0.0 0.0 0.0 0.0
26.726726726726724 0.0 0.0 0.0 0.0
26.756756756756754 0.0 0.0 0.0 0.0
26.786786786786784 0.0 0.0 0.0 0.0
26.816816816816814 0.0 0.0 0.0 0.0
26.846846846846844 0.0 0.0 0.0 0.0
26.876876876876874 0.0 0.0 0.0 0.0
26.906906906906904 0.0 0.0 0.0 0.0
26.936936936936934 0.0 0.0 0.0 0.0
26.966966966966964 0.0 0.0 0.0 0.0
26.996996996996995 0.0 0.0 0.0 0.0
27.027027027027025 0.0 0.0 0.0 0.0
27.057057057057055 0.0 0.0 0.0 0.0
27.087087087087085 0.0 0.0 0.0 0.0
27.117117117117115 0.0 0.0 0.0 0.0
27.147147147147145 0.0 0.0 0.0 0.0
27.177177177177175 0.0 0.0 0.0 0.0
27.207207207207205 0.0 0.0 0.0 0.0
27.237237237237235 0.0 0.0 0.0 0.0
27.267267267267265 0.0 0.0 0.0 0.0
27.297297297297295 0.0 0.0 0.0 0.0
27.327327327327325 0.0 0.0 0.0 0.0
27.357357357357355 0.0 0.0 0.0 0.0
27.387387387387385 0.0 0.0 0.0 0.0
27.417417417417415 0.0 0.0 0.0 0.0
27.447447447447445 0.0 0.0 0.0 0.0
27.477477477477475 0.0 0.0 0.0 0.0
27.507507507507505 0.0 0.0 0.0 0.0
27.537537537537535 0.0 0.0 0.0 0.0
27.56756756756756 0.0 0.0 0.0 0.0
27.59759759759759 0.0 0.0 0.0 0.0
27.62762762762762 0.0 0.0 0.0 0.0
27.65765765765765 0.0 0.0 0.0 0.0
27.68768768768768 0.0 0.0 0.0 0.0
27.71771771771771 0.0 0.0 0.0 0.0
27.74774774774774 0.0 0.0 0.0 0.0
27.77777777777777 0.0 0.0 0.0 0.0
27.8078078078078 0.0 0.0 0.0 0.0
27.83783783783783 0.0 0.0 0.0 0.0
27.86786786786786 0.0 0.0 0.0 0.0
27.8978978978979 0.0 0.0 0.0 0.0
27.92792792792793 0.0 0.0 0.0 0.0
27.95795795795796 0.0 0.0 0.0 0.0
27.98798798798799 0.0 0.0 0.0 0.0
28.01801801801802 0.0 0.0 0.0 0.0
28.04804804804805 0.0 0.0 0.0 0.0
28.07807807807808 0.0 0.0 0.0 0.0
28.10810810810811 0.0 0.0 0.0 0.0
28.13813813813814 0.0 0.0 0.0 0.0
28.16816816816817 0.0 0.0 0.0 0.0
28.1981981981982 0.0 0.0 0.0 0.0
28.22822822822823 0.0 0.0 0.0 0.0
28.25825825825826 0.0 0.0 0.0 0.0
28.28828828828829 0.0 0.0 0.0 0.0
28.318318318318315 0.0 0.0 0.0 0.0
28.348348348348345 0.0 0.0 0.0 0.0
28.378378378378375 0.0 0.0 0.0 0.0
28.408408408408405 0.0 0.0 0.0 0.0
28.438438438438435 0.0 0.0 0.0 0.0
28.468468468468465 0.0 0.0 0.0 0.0
28.498498498498495 0.0 0.0 0.0 0.0
28.528528528528525 0.0 0.0 0.0 0.0
28.558558558558556 0.0 0.0 0.0 0.0
28.588588588588586 0.0 0.0 0.0 0.0
28.618618618618616 0.0 0.0 0.0 0.0
28.648648648648646 0.0 0.0 0.0 0.0
28.678678678678676 0.0 0.0 0.0 0.0
28.708708708708706 0.0 0.0 0.0 0.0
28.738738738738736 0.0 0.0 0.0 0.0
28.768768768768766 0.0 0.0 0.0 0.0
28.798798798798796 0.0 0.0 0.0 0.0
28.828828828828826 0.0 0.0 0.0 0.0
28.858858858858856 0.0 0.0 0.0 0.0
28.888888888888886 0.0 0.0 0.0 0.0
28.918918918918916 0.0 0.0 0.0 0.0
28.948948948948946 0.0 0.0 0.0 0.0
28.978978978978976 0.0 0.0 0.0 0.0
29.009009009009006 0.0 0.0 0.0 0.0
29.039039039039036 0.0 0.0 0.0 0.0
29.069069069069066 0.0 0.0 0.0 0.0
29.099099099099096 0.0 0.0 0.0 0.0
29.129129129129126 0.0 0.0 0.0 0.0
29.159159159159156 0.0 0.0 0.0 0.0
29.189189189189186 0.0 0.0 0.0 0.0
29.219219219219216 0.0 0.0 0.0 0.0
29.249249249249246 0.0 0.0 0.0 0.0
29.279279279279276 0.0 0.0 0.0 0.0
29.309309309309306 0.0 0.0 0.0 0.0
29.339339339339336 0.0 0.0 0.0 0.0
29.369369369369366 0.0 0.0 0.0 0.0
29.399399399399396 0.0 0.0 0.0 0.0
29.429429429429426 0.0 0.0 0.0 0.0
29.459459459459456 0.0 0.0 0.0 0.0
29.489489489489486 0.0 0.0 0.0 0.0
29.519519519519516 0.0 0.0 0.0 0.0
29.549549549549546 0.0 0.0 0.0 0.0
29.579579579579576 0.0 0.0 0.0 0.0
29.609609609609606 0.0 0.0 0.0 0.0
29.639639639639636 0.0 0.0 0.0 0.0
29.669669669669663 0.0 0.0 0.0 0.0
29.699699699699693 0.0 0.0 0.0 0.0
29.729729729729723 0.0 0.0 0.0 0.0
29.759759759759753 0.0 0.0 0.0 0.0
29.78978978978979 0.0 0.0 0.0 0.0
29.81981981981982 0.0 0.0 0.0 0.0
29.84984984984985 0.0 0.0 0.0 0.0
29.87987987987988 0.0 0.0 0.0 0.0
29.90990990990991 0.0 0.0 0.0 0.0
29.93993993993994 0.0 0.0 0.0 0.0
29.96996996996997 0.0 0.0 0.0 0.0
30.0 0.0 0.0 0.0 0.0
