0.0 -0.0 0 -5.1299563867676835e-26 0
0.030030030030030026 -7.406387553572733e-10 0 7.365771573587041e-10 0
0.06006006006006005 -3.4193102245682315e-09 0 5.316336116652736e-09 0
0.09009009009009009 -2.097996536740136e-08 0 2.6912465142581154e-08 0
0.1201201201201201 -8.336820502605898e-08 0 8.044037402489561e-08 0
0.15015015015015012 -2.416484361431578e-07 0 1.8444922675187053e-07 0
0.18018018018018017 -5.692456184064745e-07 0 3.5579237330187674e-07 0
0.2102102102102102 -1.1578862478515823e-06 0 6.062355406166942e-07 0
0.2402402402402402 -2.1089424381547663e-06 0 9.391302389222451e-07 0
0.27027027027027023 -3.5198738782971454e-06 0 1.3444022428625968e-06 0
0.30030030030030025 -5.465843959501837e-06 0 1.7948576887801264e-06 0
0.3303303303303303 -7.975960803823755e-06 0 2.2429739747415415e-06 0
0.36036036036036034 -1.100465360096953e-05 0 2.6162412096814206e-06 0
0.39039039039039036 -1.4399291400984418e-05 0 2.8134515463514827e-06 0
0.4204204204204204 -1.7863529952692066e-05 0 2.703248677014659e-06 0
0.4504504504504504 -2.0917126965161386e-05 0 2.1216543925767914e-06 0
0.4804804804804804 -2.2854163634645403e-05 0 8.689028079529654e-07 0
0.5105105105105104 -2.2699997476395465e-05 0 -1.2894695083417007e-06 0
0.5405405405405405 -1.9167305758464315e-05 0 -4.6218624339690025e-06 0
0.5705705705705705 -1.0613570793947142e-05 0 -9.430917917185012e-06 0
0.6006006006006005 4.998485339061692e-06 0 -1.6050551870742214e-05 0
0.6306306306306305 3.013749244064348e-05 0 -2.4841142142431887e-05 0
0.6606606606606606 6.773472357032693e-05 0 -3.618579356443289e-05 0
0.6906906906906907 0.00012120807970361033 0 -5.0484761969029546e-05 0
0.7207207207207207 0.0001944784236586753 0 -6.814698806050209e-05 0
0.7507507507507507 0.0002919764143597812 0 -8.958273212675008e-05 0
0.7807807807807807 0.0004186377308938403 0 -0.00011519432807555645 0
0.8108108108108109 0.0005798865539736001 0 -0.00014536446303373786 0
0.8408408408408408 0.0007816056805993149 0 -0.00018044615958601507 0
0.8708708708708707 0.0010300911475221504 0 -0.00022075149803264755 0
0.9009009009009008 0.00133199206898078 0 -0.0002665356604173305 0
0.9309309309309309 0.0016942350705661043 0 -0.00031798563160126663 0
0.9609609609609608 0.002123930576607632 0 -0.0003752090917122205 0
0.9909909909909909 0.00262826209852287 0 -0.00043821694275633367 0
1.0210210210210209 0.003214360890279728 0 -0.0005069088719426099 0
1.0510510510510511 0.003889162315381037 0 -0.0005810652133272662 0
1.081081081081081 0.004659244660878302 0 -0.0006603333373968675 0
1.111111111111111 0.005530655459670855 0 -0.0007442088675838174 0
1.141141141141141 0.006508724004077813 0 -0.0008320317108359915 0
1.1711711711711712 0.007597858215977517 0 -0.0009229792916584544 0
1.201201201201201 0.008801331920485848 0 -0.0010160507149736498 0
1.231231231231231 0.010121066723296483 0 -0.0011100618728574296 0
1.261261261261261 0.01155740405210583 0 -0.0012036487065260938 0
1.2912912912912913 0.013108872548737405 0 -0.0012952618558493803 0
1.3213213213213213 0.01477195881134799 0 -0.0013831598912012637 0
1.351351351351351 0.016540879626395177 0 -0.0014654222485010798 0
1.3813813813813813 0.018407356941838756 0 -0.0015399560787915192 0
1.4114114114114114 0.020360404740901207 0 -0.0016044970088391697 0
1.4414414414414414 0.022386131370117753 0 -0.001656625111069947 0
1.4714714714714712 0.02446755518693721 0 -0.0016937851853569318 0
1.5015015015015014 0.02658444185352153 0 -0.0017133003778967708 0
1.5315315315315314 0.028713169457984477 0 -0.001712391740725419 0
1.5615615615615615 0.03082662040864919 0 -0.0016882093356047035 0
1.5915915915915912 0.032894105512662884 0 -0.0016378570504485216 0
1.6216216216216217 0.03488132702915785 0 -0.0015584217675532717 0
1.6516516516516515 0.036750380566468496 0 -0.0014470116579470703 0
1.6816816816816815 0.03845979969047116 0 -0.0013007895350972056 0
1.7117117117117115 0.039964650064224845 0 -0.001117008998125625 0
1.7417417417417413 0.04121667136405115 0 -0.0008930637762782132 0
1.7717717717717716 0.04216446906186367 0 -0.0006265253803953961 0
1.8018018018018016 0.0427537643029392 0 -0.00031518027881517925 0
1.8318318318318316 0.04292769933979236 0 4.2913293136917464e-05 0
1.8618618618618619 0.042627193047532735 0 0.0004493784607300813 0
1.8918918918918919 0.041791358373573145 0 0.0009054881987775308 0
1.9219219219219217 0.04035798076503021 0 0.0014121158439479248 0
1.9519519519519517 0.0382640439862056 0 0.001969670486591497 0
1.9819819819819817 0.03544631058245286 0 0.0025780750212470904 0
2.0120120120120117 0.03184196409210813 0 0.0032367329443340493 0
2.0420420420420418 0.02738929673939569 0 0.0039444626182567125 0
2.072072072072072 0.022028433005736654 0 0.004699468205089327 0
2.1021021021021022 0.015702106906937015 0 0.005499331129521723 0
2.132132132132132 0.00835647982445385 0 0.006340969379062698 0
2.162162162162162 -5.802475842787868e-05 0 0.007220588837839166 0
2.192192192192192 -0.009585857447370144 0 0.008133700324790934 0
2.222222222222222 -0.02026544918140624 0 0.009075112328328961 0
2.2522522522522523 -0.03212831539087697 0 0.010038889972121812 0
2.282282282282282 -0.04519816766325532 0 0.011018371555182475 0
2.312312312312312 -0.059490015904579176 0 0.012006200498030174 0
2.3423423423423424 -0.07500928521096809 0 0.012994321603525061 0
2.3723723723723724 -0.09175097247343922 0 0.013973984752182818 0
2.402402402402402 -0.10969882967707492 0 0.014935811812440749 0
2.432432432432432 -0.12882458277790326 0 0.015869833035626772 0
2.462462462462462 -0.1490872153822436 0 0.016765506821713853 0
2.4924924924924925 -0.17043232148117507 0 0.017611795198636433 0
2.522522522522522 -0.192791520881771 0 0.018397239143002706 0
2.552552552552552 -0.21608196411643166 0 0.019110013401238583 0
2.5825825825825826 -0.24020593989241806 0 0.019738005896967833 0
2.6126126126126126 -0.26505057879159566 0 0.020268922063600862 0
2.6426426426426426 -0.2904876710392917 0 0.02069036747117661 0
2.672672672672672 -0.3163736130803706 0 0.020989948744847876 0
2.702702702702702 -0.3425494781593593 0 0.02115539381649778 0
2.7327327327327327 -0.3688412239674599 0 0.02117465208177495 0
2.7627627627627627 -0.3950600525728474 0 0.021036009128156865 0
2.7927927927927922 -0.42100291127314987 0 0.020728234851098093 0
2.8228228228228227 -0.4464531434189154 0 0.020240687470200348 0
2.8528528528528527 -0.47118130958262017 0 0.0195634229577873 0
2.8828828828828827 -0.4949461642333353 0 0.018687365253993053 0
2.9129129129129128 -0.5174957744531191 0 0.01760442725411941 0
2.9429429429429423 -0.5385688158366141 0 0.016307597633400908 0
2.972972972972973 -0.5578960349270231 0 0.014791088185567503 0
3.003003003003003 -0.575201837568969 0 0.013050506215495897 0
3.033033033033033 -0.5902060326169338 0 0.011082905617593251 0
3.063063063063063 -0.6026257435354722 0 0.008886883249137114 0
3.093093093093093 -0.612177437272618 0 0.006462768308366921 0
3.123123123123123 -0.6185790534594505 0 0.00381268261288056 0
3.153153153153153 -0.6215522841099007 0 0.0009405679894526279 0
3.1831831831831825 -0.6208249603482517 0 -0.0021476873027033157 0
3.2132132132132125 -0.6161334839714226 0 -0.005444124313056936 0
3.2432432432432434 -0.6072253505598195 0 -0.008938761926373008 0
3.2732732732732734 -0.5938617587213532 0 -0.012619562334065533 0
3.303303303303303 -0.5758202280494956 0 -0.016472300680703943 0
3.333333333333333 -0.5528972134400325 0 -0.020480619360131715 0
3.363363363363363 -0.5249107643118267 0 -0.02462609548914213 0
3.393393393393393 -0.4917031591282642 0 -0.028888199962051945 0
3.423423423423423 -0.4531434518371478 0 -0.03324429599731631 0
3.4534534534534527 -0.40912998067287637 0 -0.037669804032041156 0
3.4834834834834827 -0.35959281168002727 0 -0.042138267944652606 0
3.5135135135135136 -0.3044960377690265 0 -0.04662136366818001 0
3.543543543543543 -0.24383993260588196 0 -0.05108908580681332 0
3.573573573573573 -0.17766298470366707 0 -0.0555099158787917 0
3.603603603603603 -0.10604373799060504 0 -0.05985091770928096 0
3.6336336336336332 -0.029102401631930588 0 -0.06407790179593106 0
3.6636636636636633 0.05299773852677834 0 -0.06815567667635786 0
3.6936936936936933 0.14004915092490822 0 -0.07204822514960764 0
3.7237237237237237 0.2317991779373051 0 -0.07571889876473807 0
3.7537537537537538 0.3279494313717105 0 -0.07913069898670479 0
3.7837837837837838 0.42815547975612944 0 -0.082246511604857 0
3.8138138138138133 0.5320268730836485 0 -0.08502934952181058 0
3.8438438438438434 0.6391274920960187 0 -0.08744266584037218 0
3.8738738738738734 0.7489762308022061 0 -0.08945061478820966 0
3.9039039039039034 0.8610480562863772 0 -0.09101830493475228 0
3.9339339339339334 0.9747754274330663 0 -0.09211216332011564 0
3.9639639639639634 1.0895500517099497 0 -0.09270021885624422 0
3.993993993993994 1.2047250430909227 0 -0.09275233101693406 0
4.0240240240240235 1.319617467795047 0 -0.09224053453275809 0
4.0540540540540535 1.433511205425148 0 -0.09113941513131867 0
4.0840840840840835 1.545660189242887 0 -0.08942627594570277 0
4.1141141141141135 1.6552920474932422 0 -0.08708139395119245 0
4.144144144144144 1.7616120486573932 0 -0.08408846308220398 0
4.174174174174174 1.8638073332629705 0 -0.08043475870762924 0
4.2042042042042045 1.9610515304167466 0 -0.07611127057534879 0
4.2342342342342345 2.0525096712060575 0 -0.07111304928721845 0
4.264264264264264 2.1373432797474736 0 -0.06543950872116891 0
4.294294294294294 2.21471575612709 0 -0.05909440269685907 0
4.324324324324324 2.2837980320047317 0 -0.052085988224661046 0
4.354354354354354 2.343774337407458 0 -0.044427399363456736 0
4.384384384384384 2.3938480772713087 0 -0.03613658742110908 0
4.414414414414414 2.433247921928431 0 -0.027236280629697466 0
4.444444444444444 2.4612339603129483 0 -0.017754201967025773 0
4.474474474474475 2.4771037842511627 0 -0.007723157176749793 0
4.504504504504505 2.4801986412728465 0 0.0028192241348544136 0
4.534534534534534 2.4699095897858068 0 0.013830506186743387 0
4.564564564564564 2.4456834752054797 0 0.025263303875314464 0
4.594594594594594 2.407028748028849 0 0.037065607937362154 0
4.624624624624624 2.3535211963005587 0 0.04918103111724993 0
4.654654654654654 2.2848094185609544 0 0.06154883742088556 0
4.684684684684685 2.200619939939773 0 0.07410415785050514 0
4.714714714714715 2.1007620862366507 0 0.08677845171360847 0
4.744744744744745 1.9851325170085847 0 0.09949974921074499 0
4.774774774774774 1.853719280313518 0 0.11219285367795923 0
4.804804804804804 1.7066054276065674 0 0.12477987640772414 0
4.834834834834834 1.5439721964427862 0 0.13718065409087496 0
4.864864864864864 1.366101625812653 0 0.14931308371464247 0
4.894894894894894 1.1733785840298723 0 0.16109363208355276 0
4.924924924924924 0.9662922504504619 0 0.17243788252456585 0
4.954954954954955 0.7454369526451751 0 0.18326097610788777 0
4.984984984984985 0.511512328661916 0 0.1934781723018362 0
5.015015015015015 0.26532285314462084 0 0.20300544100242168 0
5.045045045045044 0.0077766557780383355 0 0.21175994777461432 0
5.075075075075074 -0.26011640161926264 0 0.2196606569062472 0
5.105105105105104 -0.5372473102638575 0 0.22662900836337377 0
5.135135135135134 -0.8224112313591684 0 0.23258937521396117 0
5.165165165165165 -1.114311599229857 0 0.23746960074593298 0
5.195195195195195 -1.4115648966754015 0 0.24120180167172062 0
5.225225225225225 -1.7127060877419982 0 0.24372280701612714 0
5.255255255255255 -2.0161948456854373 0 0.2449745616296308 0
5.285285285285285 -2.3204224685485784 0 0.24490485538073928 0
5.315315315315314 -2.623719314984673 0 0.24346795073172103 0
5.345345345345344 -2.924362946112833 0 0.24062477108344799 0
5.375375375375374 -3.22058694659261 0 0.23634337462044133 0
5.405405405405404 -3.5105901743685863 0 0.23059977157186862 0
5.435435435435435 -3.7925464690454818 0 0.22337801091665424 0
5.465465465465465 -4.0646149835240335 0 0.21467034993022632 0
5.495495495495495 -4.324950893880619 0 0.20447789092048294 0
5.525525525525525 -4.571716276355102 0 0.19281091823242996 0
5.555555555555555 -4.803091417485292 0 0.1796886961921686 0
5.5855855855855845 -5.017286435672582 0 0.16513970792092197 0
5.6156156156156145 -5.212552885871571 0 0.14920220699219322 0
5.645645645645645 -5.387195427735845 0 0.1319238419387568 0
5.675675675675675 -5.5395836943106564 0 0.11336148861287941 0
5.7057057057057055 -5.66816403418722 0 0.09358156040640445 0
5.7357357357357355 -5.771470938481875 0 0.072659876137899 0
5.7657657657657655 -5.848138425622609 0 0.05068105781029221 0
5.7957957957957955 -5.89691118880739 0 0.02773840632365345 0
5.8258258258258255 -5.916655197952276 0 0.003933948088434487 0
5.855855855855855 -5.9063678695006745 0 -0.02062236599056431 0
5.885885885885885 -5.86518786298476 0 -0.045813176189852325 0
5.915915915915916 -5.792404192118218 0 -0.07151390152089421 0
5.945945945945946 -5.687464550804115 0 -0.0975933792483854 0
5.975975975975976 -5.549983042511529 0 -0.12391474364797866 0
6.006006006006006 -5.379747100906912 0 -0.1503359466105491 0
6.036036036036036 -5.1767234222132705 0 -0.17671032301562276 0
6.066066066066066 -4.9410630162857325 0 -0.20288762130615667 0
6.096096096096095 -4.673105329663558 0 -0.2287147668293609 0
6.126126126126126 -4.3733812544003845 0 -0.2540365851190609 0
6.156156156156156 -4.042615054866894 0 -0.2786968097243133 0
6.186186186186186 -3.681725236270263 0 -0.30253900158002295 0
6.216216216216216 -3.2918242028314504 0 -0.32540737660724095 0
6.246246246246246 -2.8742167372089673 0 -0.34714789812240415 0
6.276276276276276 -2.4303973514339745 0 -0.3676092255654009 0
6.306306306306306 -1.9620463654034972 0 -0.38664352937548657 0
6.336336336336336 -1.471024740822379 0 -0.40410761806437906 0
6.366366366366365 -0.9593678359934835 0 -0.4198640210934165 0
6.396396396396395 -0.4292779020466058 0 -0.4337816632424943 0
6.426426426426425 0.11688469927847837 0 -0.4457367960646291 0
6.456456456456455 0.6766112899697805 0 -0.45561434048333677 0
6.486486486486487 1.2472557309699097 0 -0.4633084188364835 0
6.516516516516517 1.8260465351073591 0 -0.46872297858364853 0
6.546546546546547 2.410099965880973 0 -0.4717730368009039 0
6.576576576576576 2.9964338676180033 0 -0.47238547383763085 0
6.606606606606606 3.5819825859771406 0 -0.47049921468888445 0
6.636636636636636 4.16361282793998 0 -0.4660659947966453 0
6.666666666666666 4.738140011920361 0 -0.4590515518291403 0
6.696696696696696 5.302345269804613 0 -0.44943549588410053 0
6.726726726726726 5.85299328399941 0 -0.43721152369102456 0
6.756756756756756 6.386850491780686 0 -0.4223884097804883 0
6.786786786786786 6.900703390945693 0 -0.40499019583768825 0
6.816816816816816 7.391377398396691 0 -0.38505575406760434 0
6.846846846846846 7.855755956237449 0 -0.3626391274017029 0
6.876876876876876 8.29079937225094 0 -0.33781016541754577 0
6.906906906906905 8.693563642068911 0 -0.31065367374504677 0
6.936936936936935 9.061219356860775 0 -0.28126909685101326 0
6.966966966966965 9.391070154284261 0 -0.24977090934099702 0
6.996996996996997 9.680570521127645 0 -0.21628805297651618 0
7.027027027027027 9.92734336246815 0 -0.18096293466478114 0
7.057057057057057 10.129196952656445 0 -0.14395117408151337 0
7.087087087087086 10.28414084615267 0 -0.10542141109079255 0
7.117117117117116 10.390401012624046 0 -0.06555390566484261 0
7.147147147147146 10.44643418119484 0 -0.02453971370239233 0
7.177177177177176 10.450940940657457 0 0.01741972822742175 0
7.207207207207206 10.402877543186618 0 0.06011382658055646 0
7.237237237237236 10.301466655643708 0 0.10332416504698595 0
7.2672672672672665 10.146206712101652 0 0.14682535876521657 0
7.2972972972972965 9.936879679708474 0 0.19038610884353674 0
7.3273273273273265 9.673557427314353 0 0.23377077970874338 0
7.3573573573573565 9.356606565581826 0 0.2767405500071245 0
7.3873873873873865 8.98669155101073 0 0.319054616401016 0
7.417417417417416 8.564776160336221 0 0.3604717503642865 0
7.4474474474474475 8.092123314176147 0 0.4007516053706449 0
7.4774774774774775 7.57029306680799 0 0.4396560013318669 0
7.5075075075075075 7.001138890902839 0 0.4769505984429547 0
7.5375375375375375 6.386802285778841 0 0.5124061787810599 0
7.5675675675675675 5.7297055084153445 0 0.5457998260453908 0
7.597597597597598 5.032542561911095 0 0.5769166530479649 0
7.627627627627627 4.298268673097296 0 0.6055512145614564 0
7.657657657657657 3.5300879530030174 0 0.6315084013796071 0
7.687687687687687 2.731439309678195 0 0.6546048331915291 0
7.717717717717717 1.9059810486625968 0 0.6746706858222773 0
7.747747747747747 1.0575739823522985 0 0.6915502467747805 0
7.777777777777777 0.1902628533136697 0 0.7051027865415752 0
7.807807807807807 -0.6917434533909541 0 0.7152043531836744 0
7.837837837837837 -1.5840926287305843 0 0.7217485617834845 0
7.867867867867867 -2.4823111127973747 0 0.7246467780156346 0
7.897897897897897 -3.3818273828581304 0 0.7238292282161579 0
7.927927927927927 -4.277995722132829 0 0.719246423317234 0
7.957957957957958 -5.166120837986785 0 0.7108687432560861 0
7.987987987987988 -6.041483442154094 0 0.6986867206668328 0
8.018018018018017 -6.899366087640104 0 0.6827123766540842 0
8.048048048048047 -7.735079027534127 0 0.662979066683972 0
8.078078078078077 -8.543986696242646 0 0.6395408418395592 0
8.108108108108107 -9.321534273814732 0 0.6124729260141617 0
8.138138138138137 -10.063273677653205 0 0.5818722630734182 0
8.168168168168167 -10.764889454047498 0 0.5478561644316651 0
8.198198198198197 -11.42222455164016 0 0.5105618721031467 0
8.228228228228227 -12.03130523441648 0 0.4701469972451631 0
8.258258258258257 -12.588365022530738 0 0.42678838315529194 0
8.288288288288287 -13.08986816481248 0 0.38068076443471255 0
8.318318318318317 -13.53253204959774 0 0.33203641140104506 0
8.348348348348347 -13.91334807214707 0 0.28108457010350374 0
8.378378378378377 -14.229601398910969 0 0.22806949808691512 0
8.408408408408409 -14.478889480931791 0 0.17324937090899098 0
8.438438438438439 -14.659138758814004 0 0.11689561603021299 0
8.468468468468469 -14.768619604359834 0 0.059291070891133085 0
8.498498498498497 -14.80595975288896 0 0.0007282712218292173 0
8.528528528528527 -14.770155760077456 0 -0.058491713589981405 0
8.558558558558557 -14.66058232814952 0 -0.11806084397504692 0
8.588588588588587 -14.476999763318782 0 -0.1776661510501431 0
8.618618618618617 -14.219559339390758 0 -0.23699122973983291 0
8.648648648648647 -13.888806377279947 0 -0.2957179029264793 0
8.678678678678677 -13.485681219646846 0 -0.35352824027984775 0
8.708708708708707 -13.011518021212849 0 -0.4101061841217244 0
8.738738738738737 -12.46804117641742 0 -0.46513926345574924 0
8.768768768768767 -11.857359615591687 0 -0.5183207361180614 0
8.798798798798797 -11.181958944973541 0 -0.5693511127980478 0
8.828828828828827 -10.444691215349422 0 -0.617939662016282 0
8.858858858858857 -9.648762579191947 0 -0.6638066604640164 0
8.888888888888888 -8.797719078725027 0 -0.7066849658545074 0
8.91891891891892 -7.89543016660751 0 -0.746321101823104 0
8.94894894894895 -6.94607015407564 0 -0.7824770834151149 0
8.97897897897898 -5.954098148702907 0 -0.8149325103801841 0
9.00900900900901 -4.9242361412357365 0 -0.8434851008910949 0
9.039039039039038 -3.86144512665166 0 -0.867951793939451 0
9.069069069069068 -2.7708999202921936 0 -0.888170973245144 0
9.099099099099098 -1.6579628817655903 0 -0.9040030726071416 0
9.129129129129128 -0.5281559402392233 0 -0.9153307979359069 0
9.159159159159158 0.612868535423237 0 -0.922060563137249 0
9.189189189189188 1.7593572853246913 0 -0.9241238945765589 0
9.219219219219218 2.905486714267604 0 -0.9214767705168817 0
9.249249249249248 4.04539441032265 0 -0.9140999974881407 0
9.279279279279278 5.173210737614925 0 -0.9020007676951316 0
9.309309309309308 6.283090400714516 0 -0.8852120507072798 0
9.339339339339338 7.369244620980668 0 -0.8637918610900022 0
9.36936936936937 8.425973168501127 0 -0.8378238822501635 0
9.3993993993994 9.447695551054204 0 -0.8074177322620067 0
9.42942942942943 10.428982042952581 0 -0.7727072469990396 0
9.45945945945946 11.364584348765224 0 -0.7338499947490399 0
9.48948948948949 12.24946503542098 0 -0.6910276911468297 0
9.51951951951952 13.078825777466525 0 -0.6444444993122297 0
9.549549549549548 13.848134905872426 0 -0.5943255146783154 0
9.579579579579578 14.553153503024216 0 -0.5409163601645453 0
9.609609609609608 15.18995958576948 0 -0.4844822025663046 0
9.639639639639638 15.754970957633107 0 -0.4253054297212006 0
9.669669669669668 16.244966425131082 0 -0.3636844016608519 0
9.699699699699698 16.65710478687081 0 -0.29993256172960636 0
9.729729729729728 16.988941767247788 0 -0.23437611320626003 0
9.759759759759758 17.2384450981669 0 -0.16735211338566908 0
9.789789789789788 17.404007216560874 0 -0.09920710271243324 0
9.819819819819818 17.48445549114319 0 -0.030295144452178707 0
9.849849849849848 17.479060277504036 0 0.03902446650687715 0
9.87987987987988 17.387540501629957 0 0.10838890325084251 0
9.90990990990991 17.210066634877666 0 0.17743378574693638 0
9.93993993993994 16.947261288288942 0 0.24579544835859246 0
9.96996996996997 16.600197294067577 0 0.3131127307942297 0
10.0 16.170393137402524 0 0.3790289781778788 0
10.03003003003003 15.659806043315662 0 0.44319439916543385 0
10.06006006006006 15.070822629500631 0 0.5052676846194412 0
10.090090090090088 14.406246944325838 0 0.5649177126280424 0
10.120120120120118 13.669286256312445 0 0.6218260805143289 0
10.150150150150148 12.863534783977249 0 0.6756886322578324 0
10.180180180180178 11.992954950761819 0 0.7262166555540585 0
10.210210210210208 11.0618564822713 0 0.7731389857391674 0
10.240240240240238 10.07487394515849 0 0.8162040532529558 0
10.270270270270268 9.036942255904556 0 0.855180372973615 0
10.300300300300298 7.953270178963334 0 0.8898577984900582 0
10.33033033033033 6.829312585323423 0 0.9200498991576396 0
10.36036036036036 5.670741538541544 0 0.9455942716621728 0
10.39039039039039 4.48341564394459 0 0.9663528246137236 0
10.42042042042042 3.2733483565058186 0 0.9822134164336646 0
10.45045045045045 2.0466759601069393 0 0.9930909746588228 0
10.48048048048048 0.8096244842243149 0 0.9989267170239671 0
10.51051051051051 -0.4315242059230154 0 0.999688615142306 0
10.54054054054054 -1.6704661880720486 0 0.9953729448639086 0
10.57057057057057 -2.9009092231878593 0 0.9860032661938535 0
10.6006006006006 -4.116606999753652 0 0.9716297252701286 0
10.630630630630629 -5.3113929996106535 0 0.9523297731724089 0
10.660660660660659 -6.47921336789274 0 0.9282080238316872 0
10.690690690690689 -7.614159580598161 0 0.8993944256802526 0
10.720720720720719 -8.710500516478357 0 0.8660438070428663 0
10.750750750750749 -9.76271306179272 0 0.828336164048253 0
10.780780780780779 -10.765511476955112 0 0.7864745933464065 0
10.810810810810809 -11.713875892517938 0 0.7406838072742541 0
10.84084084084084 -12.60307911637904 0 0.691209728741983 0
10.87087087087087 -13.428711401718164 0 0.6383181424056116 0
10.9009009009009 -14.18670380384712 0 0.5822923277932017 0
10.93093093093093 -14.873349694401831 0 0.5234318073738796 0
10.96096096096096 -15.485323893701917 0 0.46205130223532187 0
10.99099099099099 -16.019699707965813 0 0.3984782175641027 0
11.02102102102102 -16.47396397455208 0 0.33305077540308964 0
11.05105105105105 -16.84602959741169 0 0.26611659061253595 0
11.08108108108108 -17.134245573447334 0 0.1980305383048874 0
11.11111111111111 -17.337404793367554 0 0.12915250115814564 0
11.141141141141139 -17.454749288154233 0 0.059845656214359666 0
11.171171171171169 -17.485972860464628 0 -0.009525586009394502 0
11.201201201201199 -17.4312213388352 0 -0.07859781081459227 0
11.231231231231229 -17.291090291206036 0 -0.147010350751283 0
11.261261261261259 -17.066620129272938 0 -0.21440734124605998 0
11.29129129129129 -16.759288931117172 0 -0.28043998144950305 0
11.32132132132132 -16.37100284205177 0 -0.3447680669597127 0
11.35135135135135 -15.904083943025212 0 -0.4070617071704574 0
11.381381381381381 -15.361256009057954 0 -0.46700379882908577 0
11.411411411411411 -14.745628251129608 0 -0.5242913282017302 0
11.441441441441441 -14.060676689576978 0 -0.5786365531283109 0
11.471471471471471 -13.31022355684283 0 -0.6297691300657123 0
11.501501501501501 -12.498415264395776 0 -0.6774378227686346 0
11.531531531531531 -11.629698414739085 0 -0.7214109265774233 0
11.561561561561561 -10.70879401569373 0 -0.7614775389099183 0
11.591591591591591 -9.740670667641629 0 -0.7974497367896283 0
11.621621621621621 -8.730516623940542 0 -0.8291625930176955 0
11.651651651651651 -7.683710311107628 0 -0.8564745023007011 0
11.68168168168168 -6.605790053546812 0 -0.8792688062446457 0
11.71171171171171 -5.502423573240522 0 -0.8974544558935712 0
11.74174174174174 -4.379376519760467 0 -0.910965258666664 0
11.77177177177177 -3.242480419975209 0 -0.9197603807913153 0
11.801801801801801 -2.097600935950887 0 -0.9238256274101919 0
11.831831831831831 -0.9506061561612632 0 -0.9231721989774336 0
11.861861861861861 0.1926654239825831 0 -0.9178361140193753 0
11.891891891891891 1.3264363589242993 0 -0.9078789077222283 0
11.921921921921921 2.4450207089666436 0 -0.893387088512439 0
11.951951951951951 3.542854251469522 0 -0.8744704647356317 0
11.981981981981981 4.614523937598657 0 -0.8512617725747774 0
12.012012012012011 5.654795842623407 0 -0.8239167394549168 0
12.042042042042041 6.658641978439021 0 -0.7926119737229474 0
12.072072072072071 7.621266150247607 0 -0.7575436788995562 0
12.102102102102101 8.538128105677698 0 -0.7189272678394238 0
12.132132132132131 9.404965783501547 0 -0.6769958259711668 0
12.162162162162161 10.217816219731597 0 -0.6319980134680946 0
12.19219219219219 10.97303463457863 0 -0.5841969497683112 0
12.22222222222222 11.667311286993964 0 -0.5338691074009319 0
12.252252252252251 12.297686441206038 0 -0.4813019654183085 0
12.282282282282281 12.861563436164769 0 -0.42679238828588933 0
12.312312312312311 13.356719434641503 0 -0.37064530189086525 0
12.342342342342342 13.781313932529592 0 -0.3131716684200723 0
12.372372372372372 14.133895244888294 0 -0.25468654714729777 0
12.402402402402402 14.413404671069872 0 -0.19550756008533038 0
12.432432432432432 14.61917835770101 0 -0.13595299997437876 0
12.462462462462462 14.75094706488963 0 -0.07633991874159088 0
12.492492492492492 14.808833671902525 0 -0.016982612117373896 0
12.522522522522522 14.79334843114889 0 0.041809243017988273 0
12.552552552552552 14.705382267058825 0 0.09973247348312428 0
12.582582582582582 14.54619795754331 0 0.15649168771053135 0
12.612612612612612 14.317419170354924 0 0.2118008074582919 0
12.642642642642642 14.021017768535202 0 0.26538515623458564 0
12.672672672672672 13.659299379285006 0 0.3169824238254593 0
12.702702702702702 13.23488698903644 0 0.3663436904543896 0
12.73273273273273 12.750702979740613 0 0.41323529823457283 0
12.76276276276276 12.209950002734649 0 0.45744004341051536 0
12.79279279279279 11.616090221722882 0 0.4987575053257726 0
12.82282282282282 10.972823174632625 0 0.5370051765456733 0
12.85285285285285 10.28406291668188 0 0.5720201398310115 0
12.88288288288288 9.553914223763293 0 0.6036588748838498 0
12.91291291291291 8.786647638144364 0 0.6317975625562935 0
12.94294294294294 7.986674036285437 0 0.6563334609204716 0
12.972972972972974 7.158519082485192 0 0.6771850949181489 0
13.003003003003004 6.306796947903935 0 0.6942916281445083 0
13.033033033033034 5.436183744365661 0 0.7076133227855915 0
13.063063063063064 4.551391376925109 0 0.7171323614094698 0
13.093093093093094 3.657141444494901 0 0.7228516298142175 0
13.123123123123122 2.7581390605790626 0 0.7247942808082936 0
13.153153153153152 1.8590473300900123 0 0.7230042781864505 0
13.183183183183182 0.9644627082894879 0 0.7175455970708863 0
13.213213213213212 0.07889065349601748 0 0.7085008900332014 0
13.243243243243242 -0.7932779144693821 0 0.6959712045955173 0
13.273273273273272 -1.6477888046854718 0 0.6800757914531215 0
13.303303303303302 -2.4805458016558637 0 0.6609502795032658 0
13.333333333333332 -3.287630978548608 0 0.6387456772161965 0
13.363363363363362 -4.0653234950104435 0 0.6136280012508007 0
13.393393393393392 -4.810116838780798 0 0.5857767987587419 0
13.423423423423422 -5.518734909993784 0 0.5553835273844789 0
13.453453453453452 -6.1881465255293575 0 0.5226506618799813 0
13.483483483483482 -6.815578092066981 0 0.4877906413449552 0
13.513513513513512 -7.398524768206897 0 0.45102399233792606 0
13.543543543543542 -7.934760028618831 0 0.4125780801643387 0
13.573573573573572 -8.422343351290417 0 0.372685999534106 0
13.603603603603602 -8.859626154631748 0 0.33158491109366167 0
13.633633633633632 -9.245256106820507 0 0.289514591343093 0
13.663663663663662 -9.578179593014752 0 0.24671621366487273 0
13.693693693693692 -9.857642420078335 0 0.20343082639861243 0
13.723723723723722 -10.083188898697088 0 0.159897946532243 0
13.753753753753752 -10.254659171156879 0 0.11635441097155791 0
13.78378378378378 -10.372184858466998 0 0.07303289785856669 0
13.81381381381381 -10.436183252509935 0 0.030160585204501288 0
13.84384384384384 -10.447349900583022 0 -0.012041766598024368 0
13.87387387387387 -10.406649626767088 0 -0.053361010160215674 0
13.9039039039039 -10.31530633824892 0 -0.09359311079210864 0
13.93393393393393 -10.174791541344561 0 -0.13254374214542172 0
13.963963963963964 -9.986811452707252 0 -0.17002904622006323 0
13.993993993993994 -9.753293075367143 0 -0.2058770422870255 0
14.024024024024024 -9.476369474226338 0 -0.23992828026674742 0
14.054054054054054 -9.158363902794903 0 -0.27203604710575446 0
14.084084084084084 -8.801773054534301 0 -0.3020672269434672 0
14.114114114114114 -8.409249922867799 0 -0.3299033459651134 0
14.144144144144144 -7.98358601230425 0 -0.35544028122190396 0
14.174174174174173 -7.527692849614087 0 -0.37858847763648495 0
14.204204204204203 -7.04458332450951 0 -0.399273909950249 0
14.234234234234233 -6.537353024878787 0 -0.41743792430173565 0
14.264264264264263 -6.00916114710735 0 -0.4330367683821984 0
14.294294294294293 -5.463211387606886 0 -0.4460419252710479 0
14.324324324324323 -4.902733280521453 0 -0.4564404551277446 0
14.354354354354353 -4.330963628180616 0 -0.4642340002365105 0
14.384384384384383 -3.7511280514619676 0 -0.46943846777292486 0
14.414414414414413 -3.1664231818774318 0 -0.47208433265675975 0
14.444444444444443 -2.5799995484200244 0 -0.47221580088901044 0
14.474474474474473 -1.9949447949534609 0 -0.46988987728368387 0
14.504504504504503 -1.4142676387434032 0 -0.4651761443137278 0
14.534534534534533 -0.8408828875289445 0 -0.4581563924105872 0
14.564564564564563 -0.27759717536681616 0 -0.44892328215321464 0
14.594594594594593 0.2729044961214961 0 -0.4375796444795006 0
14.624624624624623 0.8080710426277453 0 -0.4242381225028248 0
14.654654654654653 1.3254964645372438 0 -0.4090199805068058 0
14.684684684684683 1.8229301148947825 0 -0.3920540205670143 0
14.714714714714713 2.298285771331939 0 -0.373475932156368 0
14.744744744744743 2.7496494091035224 0 -0.35342741782741155 0
14.774774774774773 3.1752859046045447 0 -0.33205492586862356 0
14.804804804804803 3.5736445645368216 0 -0.309508804226213 0
14.834834834834831 3.9433633486976856 0 -0.28594246763529124 0
14.864864864864861 4.283271912338083 0 -0.2615112462415402 0
14.894894894894895 4.592393506347047 0 -0.23637146059262296 0
14.924924924924925 4.8699456257193185 0 -0.21067957066741128 0
14.954954954954955 5.115339511908297 0 -0.18459112889050025 0
14.984984984984985 5.3281785731874844 0 -0.1582599222836509 0
15.015015015015015 5.508255645245547 0 -0.13183722509760618 0
15.045045045045045 5.655549199736961 0 -0.10547078979960281 0
15.075075075075075 5.770218638852284 0 -0.07930406967633533 0
15.105105105105105 5.852598558567611 0 -0.05347567357748754 0
15.135135135135135 5.903192067754989 0 -0.02811856998601279 0
15.165165165165165 5.922663410643368 0 -0.003359205611619729 0
15.195195195195195 5.9118297916859035 0 0.02068276740382722 0
15.225225225225223 5.871652383174051 0 0.04389495591010323 0
15.255255255255253 5.803226795882611 0 0.06617310184318487 0
15.285285285285283 5.707773110836081 0 0.0874213072927708 0
15.315315315315313 5.586625264072126 0 0.10755211633227957 0
15.345345345345343 5.441220018157162 0 0.12648704904542554 0
15.375375375375373 5.273085812401797 0 0.1441570791232275 0
15.405405405405403 5.0838312752300086 0 0.1605023384038772 0
15.435435435435434 4.875133443111691 0 0.1754722184925587 0
15.465465465465464 4.64872603107049 0 0.18902588749549298 0
15.495495495495494 4.406387783843024 0 0.20113197604620625 0
15.525525525525524 4.149930687103172 0 0.21176825289647583 0
15.555555555555554 3.8811883313682505 0 0.22092179192643863 0
15.585585585585584 3.602004671546005 0 0.22858896843693802 0
15.615615615615614 3.31422292777788 0 0.23477477190545634 0
15.645645645645644 3.019674716736679 0 0.23949257728909315 0
15.675675675675674 2.7201697131193012 0 0.2427642150858673 0
15.705705705705704 2.417485802197136 0 0.2446192935676283 0
15.735735735735734 2.1133595557020075 0 0.24509462819285702 0
15.765765765765764 1.809477288961033 0 0.2442340550602996 0
15.795795795795794 1.5074668319204318 0 0.24208803004041712 0
15.825825825825824 1.2088898003965074 0 0.23871280976288034 0
15.855855855855854 0.915234466446717 0 0.23417001178121338 0
15.885885885885886 0.6279094039673973 0 0.22852629614781747 0
15.915915915915916 0.34823782778860946 0 0.2218525836113145 0
15.945945945945946 0.07745254632952721 0 0.21422343962949464 0
15.975975975975976 -0.18330831858884994 0 0.20571664590721955 0
16.006006006006004 -0.4330048383375553 0 0.1964125966284839 0
16.036036036036034 -0.6706981287735418 0 0.18639360112186004 0
16.066066066066064 -0.8955524736276282 0 0.17574339138347095 0
16.096096096096094 -1.1068366952890927 0 0.16454657916166404 0
16.126126126126124 -1.3039248601730768 0 0.15288802048708908 0
16.156156156156154 -1.4862963105467524 0 0.14085233143033682 0
16.186186186186184 -1.6535350008391345 0 0.12852338049345968 0
16.216216216216214 -1.805328232143457 0 0.115983706459364 0
16.246246246246244 -1.9414647905121039 0 0.1033141154378129 0
16.276276276276274 -2.061832466111424 0 0.09059328152801946 0
16.306306306306304 -2.1664150570448024 0 0.07789718203484605 0
16.336336336336334 -2.2552889173260806 0 0.06529877192095661 0
16.366366366366364 -2.3286189793535796 0 0.05286773784159037 0
16.396396396396394 -2.3866543432607203 0 0.04067006929428324 0
16.426426426426424 -2.4297235754243265 0 0.028767675245561224 0
16.456456456456454 -2.458229628636864 0 0.017218329988828173 0
16.486486486486484 -2.4726444139557238 0 0.0060754596538650655 0
16.516516516516514 -2.473503198992716 0 -0.0046122725368622644 0
16.546546546546544 -2.461398846847172 0 -0.014800942761356128 0
16.576576576576574 -2.4369758029567214 0 -0.024451356532753616 0
16.606606606606604 -2.400923987240701 0 -0.033529292174372775 0
16.636636636636634 -2.3539727270003192 0 -0.0420056052087935 0
16.666666666666664 -2.296884594169239 0 -0.04985599237507014 0
16.696696696696694 -2.230449213933731 0 -0.05706099772225376 0
16.726726726726724 -2.1554772226875114 0 -0.06360618474300743 0
16.756756756756754 -2.072794346238104 0 -0.069481840383951 0
16.786786786786784 -1.983235517400994 0 -0.0746827684545037 0
16.816816816816818 -1.8876391949844757 0 -0.07920831598882425 0
16.846846846846848 -1.786841972368823 0 -0.08306222438705348 0
16.876876876876878 -1.6816733407717972 0 -0.08625223583553075 0
16.906906906906908 -1.572950684099944 0 -0.08878993518588445 0
16.936936936936938 -1.4614746320575727 0 -0.09069068120645411 0
16.966966966966968 -1.3480247167255117 0 -0.09197318516420988 0
16.996996996996995 -1.2333552845040703 0 -0.09265921172037267 0
17.027027027027025 -1.1181917799857222 0 -0.09277342781326642 0
17.057057057057055 -1.0032274272044637 0 -0.09234310389753643 0
17.087087087087085 -0.8891202142712288 0 -0.09139771397237782 0
17.117117117117115 -0.776490241138686 0 -0.08996869601378284 0
17.147147147147145 -0.6659174794663311 0 -0.08808921984886407 0
17.177177177177175 -0.5579398880781281 0 -0.08579379712137288 0
17.207207207207205 -0.453051872454321 0 -0.08311799797450851 0
17.237237237237235 -0.35170313394948566 0 -0.08009820795938495 0
17.267267267267265 -0.2542978803567115 0 -0.07677131052613076 0
17.297297297297295 -0.16119436274352683 0 -0.07317439995503404 0
17.327327327327325 -0.07270476403003305 0 -0.06934454972197235 0
17.357357357357355 0.010904585038326375 0 -0.06531852987481324 0
17.387387387387385 0.0894127004262326 0 -0.061132561863008354 0
17.417417417417415 0.162643134457292 0 -0.056822129790578754 0
17.447447447447445 0.23046288302671528 0 -0.05242174089592015 0
17.477477477477475 0.2927810680210731 0 -0.04796469800947711 0
17.507507507507505 0.3495473757766946 0 -0.043482982308282916 0
17.537537537537535 0.40075026277880227 0 -0.0390070965968654 0
17.567567567567565 0.4464149992552929 0 -0.034565835606023464 0
17.597597597597595 0.4866015602350318 0 -0.030186227244497037 0
17.627627627627625 0.5214023372163809 0 -0.025893469820817375 0
17.657657657657655 0.5509397368184863 0 -0.021710769003997328 0
17.687687687687685 0.5753637254010775 0 -0.01765925369140894 0
17.717717717717715 0.5948492669328272 0 -0.01375801899017639 0
17.747747747747745 0.6095936910822872 0 -0.010024072634308174 0
17.777777777777775 0.6198140730320377 0 -0.006472219231818954 0
17.80780780780781 0.625744608775621 0 -0.0031151590158883208 0
17.83783783783784 0.6276339614827953 0 3.646413114676022e-05 0
17.86786786786787 0.6257426562986531 0 0.00297411803753914 0
17.8978978978979 0.6203405632648159 0 0.005691331556909699 0
17.92792792792793 0.6117044081114303 0 0.008183549015998411 0
17.95795795795796 0.6001153556927288 0 0.0104480917867994 0
17.98798798798799 0.5858567285786197 0 0.012484153002250954 0
18.01801801801802 0.5692118301688747 0 0.014292615275056072 0
18.048048048048045 0.5504618580148443 0 0.01587593795074093 0
18.078078078078075 0.5298839673172533 0 0.017238116585499758 0
18.108108108108105 0.5077494971115172 0 0.01838455112953495 0
18.138138138138135 0.48432231260147396 0 0.019321873168170026 0
18.168168168168165 0.45985729908738493 0 0.0200578534292041 0
18.198198198198195 0.4345990357781683 0 0.0206013122682881 0
18.228228228228225 0.4087806186218206 0 0.020961937046435758 0
18.258258258258255 0.3826226286001904 0 0.021150159258521872 0
18.288288288288285 0.35633227306232623 0 0.021177059125125696 0
18.318318318318315 0.3301026897544971 0 0.021054221542112835 0
18.348348348348345 0.3041123911757979 0 0.020793599727664775 0
18.378378378378375 0.27852486534849286 0 0.020407414491336495 0
18.408408408408405 0.2534883281165092 0 0.01990803735981454 0
18.438438438438435 0.22913560678826705 0 0.019307868739374488 0
18.468468468468465 0.20558415832371768 0 0.01861924779887774 0
18.498498498498495 0.18293621771382973 0 0.01785435115310835 0
18.528528528528525 0.16127905487900818 0 0.01702509162505901 0
18.558558558558556 0.14068534091168297 0 0.016143051603982994 0
18.588588588588586 0.12121361982685407 0 0.015219410216639029 0
18.618618618618616 0.10290886039903728 0 0.014264850018835977 0
18.648648648648646 0.0858030827982789 0 0.013289518782062542 0
18.678678678678676 0.0699160648320747 0 0.012302991706814606 0
18.708708708708706 0.055256103336289664 0 0.01131420163214911 0
18.73873873873874 0.041820809952135565 0 0.01033140451372292 0
18.76876876876877 0.029597956615245682 0 0.009362182015049078 0
18.7987987987988 0.018566354066398855 0 0.00841341278038151 0
18.82882882882883 0.008696733776281225 0 0.007491229887698894 0
18.85885885885886 -4.7359616173322006e-05 0 0.0066010524943231905 0
18.88888888888889 -0.007708662401492955 0 0.0057475959729208605 0
18.91891891891892 -0.014335301264411742 0 0.004934848647419148 0
18.94894894894895 -0.019979930047882576 0 0.0041660955446573954 0
18.97897897897898 -0.02469887484157913 0 0.003443965453866025 0
19.00900900900901 -0.02855130676511843 0 0.002770441862139236 0
19.03903903903904 -0.03159846350789839 0 0.0021468703518638587 0
19.06906906906907 -0.03390290666700864 0 0.001574024793068731 0
19.099099099099096 -0.03552781453655344 0 0.0010521451411837609 0
19.129129129129126 -0.03653633106497097 0 0.0005809534517500624 0
19.159159159159156 -0.03699097240486209 0 0.0001597070849149068 0
19.189189189189186 -0.036953076659339334 0 -0.00021274280827307573 0
19.219219219219216 -0.03648231046965432 0 -0.0005379185952112008 0
19.249249249249246 -0.03563623983231183 0 -0.0008176795765341188 0
19.279279279279276 -0.03446995316428291 0 -0.0010541584921513946 0
19.309309309309306 -0.033035737614510584 0 -0.0012497201682832705 0
19.339339339339336 -0.031382816039543744 0 -0.0014069267814217708 0
19.369369369369366 -0.02955713890854792 0 -0.0015284870065523058 0
19.399399399399396 -0.0276012246329202 0 -0.0016172124626407634 0
19.429429429429426 -0.025554052673658765 0 -0.0016759839815603315 0
19.459459459459456 -0.023451005425154384 0 -0.0017077121382597913 0
19.489489489489486 -0.02132385211424154 0 -0.0017153002978344556 0
19.519519519519516 -0.019200775354971507 0 -0.0017016172122037657 0
19.549549549549546 -0.01710643658854207 0 -0.0016694651906345231 0
19.579579579579576 -0.015062072848946676 0 -0.001621552082071185 0
19.609609609609606 -0.01308562508756767 0 -0.001560473987544165 0
19.639639639639636 -0.011191894662132903 0 -0.0014886948146906774 0
19.669669669669666 -0.009392719006185803 0 -0.0014085226305521445 0
19.699699699699696 -0.007697165577332427 0 -0.0013221039105840008 0
19.72972972972973 -0.006111743533183366 0 -0.0012314158696159509 0
19.75975975975976 -0.004640624437028145 0 -0.0011382505536333444 0
19.78978978978979 -0.003285866876339375 0 -0.0010442131129901873 0
19.81981981981982 -0.00204764854487606 0 -0.0009507271327220066 0
19.84984984984985 -0.0009244991980594179 0 -0.0008590311558081559 0
19.87987987987988 8.647315588579551e-05 0 -0.0007701756521569345 0
19.90990990990991 0.0009893599611720358 0 -0.0006850379132450852 0
19.93993993993994 0.001789235058353738 0 -0.000604329287947407 0
19.96996996996997 0.002491950242684466 0 -0.0005285961897584688 0
20.0 0.0031039445833413682 0 -0.00045823463134296653 0
20.03003003003003 0.003632063888059005 0 -0.00039350592067526237 0
20.06006006006006 0.004083395562221024 0 -0.0003345446760506979 0
20.09009009009009 0.004465121886930341 0 -0.0002813692147873476 0
20.12012012012012 0.004784388020919508 0 -0.0002339009766550822 0
20.15015015015015 0.005048185804290448 0 -0.00019197668826087487 0
20.180180180180177 0.005263256203943454 0 -0.0001553583913897617 0
20.210210210210207 0.005436008645976502 0 -0.00012374977598491026 0
20.240240240240237 0.005572455187364292 0 -9.680981847198905e-05 0
20.270270270270267 0.005678161205548371 0 -7.416303166622126e-05 0
20.300300300300297 0.0057582114587665925 0 -5.541151902390333e-05 0
20.330330330330327 0.0058171890821269445 0 -4.0146839693301766e-05 0
20.360360360360357 0.005859167571914916 0 -2.79584077522356e-05 0
20.390390390390387 0.005887714569375882 0 -1.844259443533552e-05 0
20.420420420420417 0.005905905036766362 0 -1.1210889546479662e-05 0
20.450450450450447 0.00591634329405893 0 -5.895058662532601e-06 0
20.480480480480477 0.005921192641171818 0 -2.1525566306808666e-06 0
20.510510510510507 0.005922209934846648 0 3.2807718830614463e-07 0
20.540540540540537 0.005920784460696997 0 1.8260202610367452e-06 0
20.570570570570567 0.005917980262753922 0 2.586778285354685e-06 0
20.600600600600597 0.005914579456998318 0 2.8196731207301854e-06 0
20.630630630630627 0.005911125256259071 0 2.6990890659037674e-06 0
20.66066066066066 0.005907964854624339 0 2.3667367243882307e-06 0
20.69069069069069 0.005905290223245966 0 1.932509613651791e-06 0
20.72072072072072 0.005903175313414754 0 1.4765206037326696e-06 0
20.75075075075075 0.005901610111398918 0 1.053846814865378e-06 0
20.78078078078078 0.005900530702086848 0 6.976792233015154e-07 0
20.81081081081081 0.00589984415274069 0 4.2230989269632896e-07 0
20.84084084084084 0.00589944850598737 0 2.280742041478262e-07 0
20.87087087087087 0.00589924807917082 0 1.0551618067341272e-07 0
20.9009009009009 0.0058991633514920505 0 3.87929148292119e-08 0
20.93093093093093 0.005899136339794564 0 9.40789076725884e-09 0
20.96096096096096 0.0058991312994096535 0 1.107951382897515e-09 0
20.99099099099099 0.005899130363930576 0 6.007720842945233e-10 0
21.02102102102102 0.0 0 0.0 0
21.05105105105105 0.0 0 0.0 0
21.08108108108108 0.0 0 0.0 0
21.11111111111111 0.0 0 0.0 0
21.14114114114114 0.0 0 0.0 0
21.17117117117117 0.0 0 0.0 0
21.2012012012012 0.0 0 0.0 0
21.231231231231227 0.0 0 0.0 0
21.261261261261257 0.0 0 0.0 0
21.291291291291287 0.0 0 0.0 0
21.321321321321317 0.0 0 0.0 0
21.351351351351347 0.0 0 0.0 0
21.381381381381377 0.0 0 0.0 0
21.411411411411407 0.0 0 0.0 0
21.441441441441437 0.0 0 0.0 0
21.471471471471467 0.0 0 0.0 0
21.501501501501497 0.0 0 0.0 0
21.531531531531527 0.0 0 0.0 0
21.561561561561557 0.0 0 0.0 0
21.591591591591587 0.0 0 0.0 0
21.621621621621617 0.0 0 0.0 0
21.65165165165165 0.0 0 0.0 0
21.68168168168168 0.0 0 0.0 0
21.71171171171171 0.0 0 0.0 0
21.74174174174174 0.0 0 0.0 0
21.77177177177177 0.0 0 0.0 0
21.8018018018018 0.0 0 0.0 0
21.83183183183183 0.0 0 0.0 0
21.86186186186186 0.0 0 0.0 0
21.89189189189189 0.0 0 0.0 0
21.92192192192192 0.0 0 0.0 0
21.95195195195195 0.0 0 0.0 0
21.98198198198198 0.0 0 0.0 0
22.01201201201201 0.0 0 0.0 0
22.04204204204204 0.0 0 0.0 0
22.07207207207207 0.0 0 0.0 0
22.1021021021021 0.0 0 0.0 0
22.13213213213213 0.0 0 0.0 0
22.16216216216216 0.0 0 0.0 0
22.19219219219219 0.0 0 0.0 0
22.22222222222222 0.0 0 0.0 0
22.25225225225225 0.0 0 0.0 0
22.282282282282278 0.0 0 0.0 0
22.312312312312308 0.0 0 0.0 0
22.342342342342338 0.0 0 0.0 0
22.372372372372368 0.0 0 0.0 0
22.402402402402398 0.0 0 0.0 0
22.432432432432428 0.0 0 0.0 0
22.462462462462458 0.0 0 0.0 0
22.492492492492488 0.0 0 0.0 0
22.522522522522518 0.0 0 0.0 0
22.552552552552548 0.0 0 0.0 0
22.58258258258258 0.0 0 0.0 0
22.61261261261261 0.0 0 0.0 0
22.64264264264264 0.0 0 0.0 0
22.67267267267267 0.0 0 0.0 0
22.7027027027027 0.0 0 0.0 0
22.73273273273273 0.0 0 0.0 0
22.762762762762762 0.0 0 0.0 0
22.792792792792792 0.0 0 0.0 0
22.822822822822822 0.0 0 0.0 0
22.852852852852852 0.0 0 0.0 0
22.882882882882882 0.0 0 0.0 0
22.912912912912912 0.0 0 0.0 0
22.942942942942942 0.0 0 0.0 0
22.972972972972972 0.0 0 0.0 0
23.003003003003002 0.0 0 0.0 0
23.033033033033032 0.0 0 0.0 0
23.063063063063062 0.0 0 0.0 0
23.093093093093092 0.0 0 0.0 0
23.123123123123122 0.0 0 0.0 0
23.153153153153152 0.0 0 0.0 0
23.183183183183182 0.0 0 0.0 0
23.213213213213212 0.0 0 0.0 0
23.243243243243242 0.0 0 0.0 0
23.273273273273272 0.0 0 0.0 0
23.303303303303302 0.0 0 0.0 0
23.33333333333333 0.0 0 0.0 0
23.36336336336336 0.0 0 0.0 0
23.39339339339339 0.0 0 0.0 0
23.42342342342342 0.0 0 0.0 0
23.45345345345345 0.0 0 0.0 0
23.48348348348348 0.0 0 0.0 0
23.51351351351351 0.0 0 0.0 0
23.54354354354354 0.0 0 0.0 0
23.573573573573572 0.0 0 0.0 0
23.603603603603602 0.0 0 0.0 0
23.633633633633632 0.0 0 0.0 0
23.663663663663662 0.0 0 0.0 0
23.693693693693692 0.0 0 0.0 0
23.723723723723722 0.0 0 0.0 0
23.753753753753752 0.0 0 0.0 0
23.783783783783782 0.0 0 0.0 0
23.813813813813812 0.0 0 0.0 0
23.843843843843842 0.0 0 0.0 0
23.873873873873872 0.0 0 0.0 0
23.903903903903903 0.0 0 0.0 0
23.933933933933933 0.0 0 0.0 0
23.963963963963963 0.0 0 0.0 0
23.993993993993993 0.0 0 0.0 0
24.024024024024023 0.0 0 0.0 0
24.054054054054053 0.0 0 0.0 0
24.084084084084083 0.0 0 0.0 0
24.114114114114113 0.0 0 0.0 0
24.144144144144143 0.0 0 0.0 0
24.174174174174173 0.0 0 0.0 0
24.204204204204203 0.0 0 0.0 0
24.234234234234233 0.0 0 0.0 0
24.264264264264263 0.0 0 0.0 0
24.294294294294293 0.0 0 0.0 0
24.324324324324323 0.0 0 0.0 0
24.354354354354353 0.0 0 0.0 0
24.38438438438438 0.0 0 0.0 0
24.41441441441441 0.0 0 0.0 0
24.44444444444444 0.0 0 0.0 0
24.47447447447447 0.0 0 0.0 0
24.504504504504503 0.0 0 0.0 0
24.534534534534533 0.0 0 0.0 0
24.564564564564563 0.0 0 0.0 0
24.594594594594593 0.0 0 0.0 0
24.624624624624623 0.0 0 0.0 0
24.654654654654653 0.0 0 0.0 0
24.684684684684683 0.0 0 0.0 0
24.714714714714713 0.0 0 0.0 0
24.744744744744743 0.0 0 0.0 0
24.774774774774773 0.0 0 0.0 0
24.804804804804803 0.0 0 0.0 0
24.834834834834833 0.0 0 0.0 0
24.864864864864863 0.0 0 0.0 0
24.894894894894893 0.0 0 0.0 0
24.924924924924923 0.0 0 0.0 0
24.954954954954953 0.0 0 0.0 0
24.984984984984983 0.0 0 0.0 0
25.015015015015013 0.0 0 0.0 0
25.045045045045043 0.0 0 0.0 0
25.075075075075073 0.0 0 0.0 0
25.105105105105103 0.0 0 0.0 0
25.135135135135133 0.0 0 0.0 0
25.165165165165163 0.0 0 0.0 0
25.195195195195193 0.0 0 0.0 0
25.225225225225223 0.0 0 0.0 0
25.255255255255253 0.0 0 0.0 0
25.285285285285283 0.0 0 0.0 0
25.315315315315313 0.0 0 0.0 0
25.345345345345343 0.0 0 0.0 0
25.375375375375373 0.0 0 0.0 0
25.405405405405403 0.0 0 0.0 0
25.435435435435434 0.0 0 0.0 0
25.46546546546546 0.0 0 0.0 0
25.49549549549549 0.0 0 0.0 0
25.52552552552552 0.0 0 0.0 0
25.55555555555555 0.0 0 0.0 0
25.58558558558558 0.0 0 0.0 0
25.61561561561561 0.0 0 0.0 0
25.64564564564564 0.0 0 0.0 0
25.67567567567567 0.0 0 0.0 0
25.7057057057057 0.0 0 0.0 0
25.73573573573573 0.0 0 0.0 0
25.76576576576576 0.0 0 0.0 0
25.79579579579579 0.0 0 0.0 0
25.82582582582582 0.0 0 0.0 0
25.85585585585585 0.0 0 0.0 0
25.88588588588588 0.0 0 0.0 0
25.91591591591591 0.0 0 0.0 0
25.945945945945947 0.0 0 0.0 0
25.975975975975977 0.0 0 0.0 0
26.006006006006007 0.0 0 0.0 0
26.036036036036037 0.0 0 0.0 0
26.066066066066067 0.0 0 0.0 0
26.096096096096097 0.0 0 0.0 0
26.126126126126128 0.0 0 0.0 0
26.156156156156158 0.0 0 0.0 0
26.186186186186188 0.0 0 0.0 0
26.216216216216214 0.0 0 0.0 0
26.246246246246244 0.0 0 0.0 0
26.276276276276274 0.0 0 0.0 0
26.306306306306304 0.0 0 0.0 0
26.336336336336334 0.0 0 0.0 0
26.366366366366364 0.0 0 0.0 0
26.396396396396394 0.0 0 0.0 0
26.426426426426424 0.0 0 0.0 0
26.456456456456454 0.0 0 0.0 0
26.486486486486484 0.0 0 0.0 0
26.516516516516514 0.0 0 0.0 0
26.546546546546544 0.0 0 0.0 0
26.576576576576574 0.0 0 0.0 0
26.606606606606604 0.0 0 0.0 0
26.636636636636634 0.0 0 0.0 0
26.666666666666664 0.0 0 0.0 0
26.696696696696694 0.0 0 0.0 0
26.726726726726724 0.0 0 0.0 0
26.756756756756754 0.0 0 0.0 0
26.786786786786784 0.0 0 0.0 0
26.816816816816814 0.0 0 0.0 0
26.846846846846844 0.0 0 0.0 0
26.876876876876874 0.0 0 0.0 0
26.906906906906904 0.0 0 0.0 0
26.936936936936934 0.0 0 0.0 0
26.966966966966964 0.0 0 0.0 0
26.996996996996995 0.0 0 0.0 0
27.027027027027025 0.0 0 0.0 0
27.057057057057055 0.0 0 0.0 0
27.087087087087085 0.0 0 0.0 0
27.117117117117115 0.0 0 0.0 0
27.147147147147145 0.0 0 0.0 0
27.177177177177175 0.0 0 0.0 0
27.207207207207205 0.0 0 0.0 0
27.237237237237235 0.0 0 0.0 0
27.267267267267265 0.0 0 0.0 0
27.297297297297295 0.0 0 0.0 0
27.327327327327325 0.0 0 0.0 0
27.357357357357355 0.0 0 0.0 0
27.387387387387385 0.0 0 0.0 0
27.417417417417415 0.0 0 0.0 0
27.447447447447445 0.0 0 0.0 0
27.477477477477475 0.0 0 0.0 0
27.507507507507505 0.0 0 0.0 0
27.537537537537535 0.0 0 0.0 0
27.56756756756756 0.0 0 0.0 0
27.59759759759759 0.0 0 0.0 0
27.62762762762762 0.0 0 0.0 0
27.65765765765765 0.0 0 0.0 0
27.68768768768768 0.0 0 0.0 0
27.71771771771771 0.0 0 0.0 0
27.74774774774774 0.0 0 0.0 0
27.77777777777777 0.0 0 0.0 0
27.8078078078078 0.0 0 0.0 0
27.83783783783783 0.0 0 0.0 0
27.86786786786786 0.0 0 0.0 0
27.8978978978979 0.0 0 0.0 0
27.92792792792793 0.0 0 0.0 0
27.95795795795796 0.0 0 0.0 0
27.98798798798799 0.0 0 0.0 0
28.01801801801802 0.0 0 0.0 0
28.04804804804805 0.0 0 0.0 0
28.07807807807808 0.0 0 0.0 0
28.10810810810811 0.0 0 0.0 0
28.13813813813814 0.0 0 0.0 0
28.16816816816817 0.0 0 0.0 0
28.1981981981982 0.0 0 0.0 0
28.22822822822823 0.0 0 0.0 0
28.25825825825826 0.0 0 0.0 0
28.28828828828829 0.0 0 0.0 0
28.318318318318315 0.0 0 0.0 0
28.348348348348345 0.0 0 0.0 0
28.378378378378375 0.0 0 0.0 0
28.408408408408405 0.0 0 0.0 0
28.438438438438435 0.0 0 0.0 0
28.468468468468465 0.0 0 0.0 0
28.498498498498495 0.0 0 0.0 0
28.528528528528525 0.0 0 0.0 0
28.558558558558556 0.0 0 0.0 0
28.588588588588586 0.0 0 0.0 0
28.618618618618616 0.0 0 0.0 0
28.648648648648646 0.0 0 0.0 0
28.678678678678676 0.0 0 0.0 0
28.708708708708706 0.0 0 0.0 0
28.738738738738736 0.0 0 0.0 0
28.768768768768766 0.0 0 0.0 0
28.798798798798796 0.0 0 0.0 0
28.828828828828826 0.0 0 0.0 0
28.858858858858856 0.0 0 0.0 0
28.888888888888886 0.0 0 0.0 0
28.918918918918916 0.0 0 0.0 0
28.948948948948946 0.0 0 0.0 0
28.978978978978976 0.0 0 0.0 0
29.009009009009006 0.0 0 0.0 0
29.039039039039036 0.0 0 0.0 0
29.069069069069066 0.0 0 0.0 0
29.099099099099096 0.0 0 0.0 0
29.129129129129126 0.0 0 0.0 0
29.159159159159156 0.0 0 0.0 0
29.189189189189186 0.0 0 0.0 0
29.219219219219216 0.0 0 0.0 0
29.249249249249246 0.0 0 0.0 0
29.279279279279276 0.0 0 0.0 0
29.309309309309306 0.0 0 0.0 0
29.339339339339336 0.0 0 0.0 0
29.369369369369366 0.0 0 0.0 0
29.399399399399396 0.0 0 0.0 0
29.429429429429426 0.0 0 0.0 0
29.459459459459456 0.0 0 0.0 0
29.489489489489486 0.0 0 0.0 0
29.519519519519516 0.0 0 0.0 0
29.549549549549546 0.0 0 0.0 0
29.579579579579576 0.0 0 0.0 0
29.609609609609606 0.0 0 0.0 0
29.639639639639636 0.0 0 0.0 0
29.669669669669663 0.0 0 0.0 0
29.699699699699693 0.0 0 0.0 0
29.729729729729723 0.0 0 0.0 0
29.759759759759753 0.0 0 0.0 0
29.78978978978979 0.0 0 0.0 0
29.81981981981982 0.0 0 0.0 0
29.84984984984985 0.0 0 0.0 0
29.87987987987988 0.0 0 0.0 0
29.90990990990991 0.0 0 0.0 0
29.93993993993994 0.0 0 0.0 0
29.96996996996997 0.0 0 0.0 0
30.0 0.0 0 0.0 0
